Sample	Rawname	[757] glycolic acid [7.049] Results	[5950] L-alanine 1 [7.4748] Results	[971] oxalic acid [7.883] Results	[1004] phosphoric acid [9.966] Results	[750] glycine [10.456] Results	[439194] glyceric acid [10.735] Results	[5951] L-serine 2 [11.174] Results	[5950] L-alanine 2 [11.182] Results	[439742] beta-cyano-L-alanine [11.288] Results	[6288] L-threonine 2 [11.464] Results	[239] Beta- alanine  1 [12.044] Results	[92824] D-malic acid [12.794] Results	[649] 5,6-dihydrouracil 2 [12.773] Results	[338] salicylic acid [13.075] Results	[5960] aspartic acid 2 [13.207] Results	[7405] L-pyroglutamic acid [13.218] Results	[119] gamma-aminobutyric acid (GABA) [13.326] Results	[5460407] threonic acid [13.652] Results	[51] alpha ketoglutaric acid [13.859] Results	[236] L-asparagine 1 [14.496] Results	[33032] L-glutamic acid 2 [14.398] Results	[135] 4-hydroxybenzoic acid [14.505] Results	[428] 1,3-diaminopropane 1 [14.708] Results	[236] L-asparagine 2 [14.984] Results	[827] ribitol [15.66] Results	[754] glycerol 1-phosphate [16.056] Results	[738] L-glutamine 3 [16.092] Results	[8742] shikimic acid [16.433] Results	[311] citric acid [16.615] Results	[835] dehydroascorbic acid  1 [16.863] Results	[94214] methyl-beta-D-galactopyranoside   [16.935] Results	[6508] quinic acid [17.076] Results	[5984] fructose 1 [17.288] Results	[5984] fructose 2 [17.288] Results	[24749] D-glucose 1 [17.426] Results	[5962] L-lysine 2 [17.643] Results	[24749] D-glucose 2 [17.625] Results	[6057] tyrosine 2 [17.871] Results	[5780] D-sorbitol [17.898] Results	[128869] galactonic acid 2 [18.504] Results	[985] palmitic acid [18.846] Results	[445858] ferulic acid [19.312] Results	[439184] ribulose-5-phosphate 3 [19.603] Results	[892] myo-inositol [19.354] Results	[5281] stearic acid [20.675] Results	[439958] D-glucose-6-phosphate 2 [21.558] Results	[60961] adenosine [23.825] Results	[5988] Sucrose [23.988] Results	[7427] D-(+) trehalose [24.752] Results	[6255] maltose  2 [24.915] Results	[439451] galactinol 2 [26.479] Results
S5A29	251124_083	0.45588235294117646		1.2058823529411764	11.014705882352942	1.4705882352941178	0.3602941176470588	0.17647058823529413	2.911764705882353		0.1323529411764706		3.3088235294117645		0.1323529411764706		3.198529411764706	0.1323529411764706	0.4632352941176471	0.14705882352941177	1.0808823529411764	0.6176470588235294		0.6764705882352942	0.14705882352941177	1.0	0.1323529411764706	0.2647058823529412	0.07352941176470588	1.5661764705882353	0.11029411764705882	0.15441176470588236	0.40441176470588236	0.6691176470588235	0.5441176470588235	0.9485294117647058	0.20588235294117646		0.625		0.13970588235294118	0.3602941176470588	0.18382352941176472	0.47794117647058826	1.9264705882352942	0.49264705882352944	0.2647058823529412	0.5661764705882353	11.617647058823529	0.11764705882352941	0.5882352941176471	0.9558823529411765
S5A9	251124_084	0.3625		2.05	17.575	1.4125		0.4125	2.1	0.2	0.3625	0.25	2.575	0.2125			5.0625	0.15	1.425	0.4375	0.8375	0.3125	0.125	0.6375	0.4625	1.0	0.3125	0.35	0.275	3.725		0.625	0.2375		0.2375	1.1625	0.3		0.1875	0.275		2.0625	0.4125	1.125	4.6125	1.175	0.6	0.5875	15.95	0.6375	0.2625	1.025
S4B27	251124_085	0.23170731707317074		1.646341463414634	25.451219512195124	1.2560975609756098	0.6463414634146342	0.34146341463414637	0.7560975609756098		0.10975609756097561		1.8902439024390243		0.2073170731707317	0.9146341463414634	5.621951219512195	0.3170731707317073	0.35365853658536583	0.524390243902439	0.9390243902439024	0.25609756097560976	0.2926829268292683	0.21951219512195122	0.5853658536585366	1.0	0.32926829268292684	0.15853658536585366	0.4268292682926829	1.2560975609756098	0.6585365853658537	0.8170731707317073	0.3780487804878049	1.1097560975609757	0.926829268292683	0.5121951219512195	0.8780487804878049	0.7682926829268293	0.975609756097561	0.7317073170731707	0.2926829268292683	1.048780487804878	0.17073170731707318	1.475609756097561	2.317073170731707	0.5365853658536586	0.2804878048780488	0.573170731707317	9.512195121951219	0.2926829268292683	0.7682926829268293	0.5853658536585366
S4B13	251124_086	0.7692307692307693	0.38461538461538464	3.4358974358974357	30.076923076923077	0.5128205128205128	2.4871794871794872	0.6666666666666666	9.666666666666666	0.41025641025641024		0.3076923076923077	14.897435897435898	0.6923076923076923	0.46153846153846156	2.6153846153846154	20.23076923076923		0.46153846153846156		1.1282051282051282			0.5897435897435898	1.4102564102564104	1.0	0.7435897435897436		1.4102564102564104	7.461538461538462	0.9487179487179487	4.871794871794871	2.6153846153846154	2.2051282051282053	1.0512820512820513	2.923076923076923	0.9487179487179487	1.9743589743589745	2.5384615384615383	2.128205128205128	0.7948717948717948	3.5641025641025643		1.7435897435897436	12.153846153846153		1.0512820512820513	1.2820512820512822	52.15384615384615	1.4871794871794872	0.48717948717948717	0.9487179487179487
S4B25	251124_087	0.22857142857142856		2.357142857142857	20.34285714285714	1.4142857142857144	1.5285714285714285	3.2	4.185714285714286	0.21428571428571427	1.1	0.1	4.5285714285714285	1.4714285714285715	0.5285714285714286	3.642857142857143	9.9	0.8428571428571429			0.7714285714285715	0.4	0.5285714285714286	1.1	0.6857142857142857	1.0	0.32857142857142857		0.6857142857142857	2.3		0.6142857142857143	0.6571428571428571	0.5142857142857142	0.5428571428571428	0.4714285714285714		0.42857142857142855	0.5571428571428572	1.2285714285714286	0.6	0.8857142857142857	0.3	1.3428571428571427	4.9	0.6428571428571429		0.5285714285714286	19.2	0.5285714285714286	0.42857142857142855	0.6285714285714286
S4B6	251124_088	0.6	1.2	14.8	40.2	2.933333333333333	3.6666666666666665	2.2	14.866666666666667	0.8666666666666667	2.8666666666666667		8.466666666666667	2.466666666666667			12.4	5.6	1.0666666666666667			0.3333333333333333	1.9333333333333333	1.0666666666666667	0.7333333333333333	1.0		0.6	3.4	8.866666666666667	1.5333333333333334	2.1333333333333333	1.7333333333333334	5.466666666666667	4.733333333333333	11.0	0.7333333333333333	1.3333333333333333	1.0	1.2	1.6666666666666667	5.666666666666667	0.8666666666666667	3.2	9.266666666666667	4.8	2.933333333333333	1.0666666666666667	19.866666666666667	3.066666666666667	2.933333333333333	4.933333333333334
S5A5	251124_089	0.23404255319148937	0.19148936170212766	0.6808510638297872	14.319148936170214	0.2978723404255319	0.3829787234042553	0.6808510638297872	7.829787234042553	0.2553191489361702			8.191489361702128	0.6170212765957447	0.3191489361702128	0.3829787234042553	4.0	0.7872340425531915	1.0		0.2553191489361702		0.3617021276595745	1.0425531914893618	0.3191489361702128	1.0		0.19148936170212766		2.5106382978723403		1.3829787234042554	0.5106382978723404	0.7446808510638298	1.1702127659574468	1.2553191489361701		0.3404255319148936	0.7872340425531915	0.6595744680851063	0.3191489361702128	1.6382978723404256		0.9787234042553191	1.4680851063829787	1.425531914893617	1.0212765957446808	1.3617021276595744	14.340425531914894	1.425531914893617	0.8085106382978723	0.5319148936170213
S4B32	251124_090	0.36363636363636365		1.165289256198347	11.413223140495868	0.7024793388429752	0.5950413223140496		4.099173553719008	0.09090909090909091	0.09090909090909091		7.099173553719008	0.1652892561983471	0.19008264462809918	0.06611570247933884	0.35537190082644626	0.09917355371900827	0.4049586776859504				0.1652892561983471			1.0	0.18181818181818182		0.08264462809917356		0.2644628099173554	0.4132231404958678	0.5950413223140496	2.9338842975206614	1.1074380165289257	4.652892561983471	0.9338842975206612	1.7355371900826446	0.3884297520661157	1.1570247933884297	0.12396694214876033	1.2314049586776858	0.1652892561983471	0.9586776859504132	2.834710743801653	0.38016528925619836	0.1487603305785124		18.876033057851238	0.5289256198347108	0.5206611570247934	0.8181818181818182
S4B30	251124_091	0.32075471698113206	0.18867924528301888	4.490566037735849	31.0	2.169811320754717	0.22641509433962265	0.49056603773584906	11.339622641509434	0.2830188679245283		0.3584905660377358	5.679245283018868	0.6415094339622641	0.5094339622641509	1.0754716981132075	9.830188679245284	0.7924528301886793		1.1320754716981132	0.6226415094339622	0.24528301886792453		0.33962264150943394	0.22641509433962265	1.0	0.9245283018867925	0.4528301886792453	0.6037735849056604	5.981132075471698	0.20754716981132076	0.8301886792452831		0.22641509433962265	0.9056603773584906	2.056603773584906	0.6037735849056604	1.2830188679245282		1.9811320754716981	0.33962264150943394	0.9811320754716981	0.37735849056603776	1.509433962264151	2.3773584905660377	0.24528301886792453	0.8679245283018868	0.32075471698113206	34.679245283018865	1.9056603773584906	0.9433962264150944	2.9245283018867925
S5A20	251124_092	0.203125	0.140625	1.96875	14.546875	1.15625			4.9375	0.265625		0.21875	6.953125			0.484375	8.140625	0.8125	1.5625	0.109375	0.5	2.84375	0.25	0.59375		1.0	1.0	0.34375	0.96875	2.15625		0.28125	0.296875	1.15625	0.765625	0.84375	0.359375		0.71875			0.96875	0.21875	0.421875	1.6875	1.484375	0.78125	1.59375	42.140625	0.578125		0.75
S4B14	251124_093		0.1391304347826087	1.1565217391304348	6.826086956521739		0.5826086956521739	0.1391304347826087	0.7391304347826086	0.1565217391304348			1.5826086956521739		0.23478260869565218	0.4	2.9217391304347826	0.46956521739130436	0.12173913043478261	0.06086956521739131	0.2608695652173913	0.21739130434782608	0.16521739130434782	0.16521739130434782	0.10434782608695652	1.0	0.40869565217391307	0.1565217391304348	0.8173913043478261	0.8434782608695652	0.08695652173913043	0.3826086956521739	0.6782608695652174	0.3391304347826087	0.3391304347826087	0.3130434782608696		0.28695652173913044	0.14782608695652175	0.2608695652173913	0.17391304347826086	0.6956521739130435		0.7739130434782608	2.1478260869565218	0.14782608695652175	0.17391304347826086	0.4782608695652174	5.956521739130435	0.8695652173913043	0.6260869565217392	0.09565217391304348
S5A34	251124_094			0.7818181818181819	8.727272727272727	0.12727272727272726	0.2909090909090909	0.10909090909090909	0.13636363636363635	0.13636363636363635	0.18181818181818182		1.7545454545454546		0.12727272727272726		1.7818181818181817						0.17272727272727273	0.15454545454545454	0.11818181818181818	1.0	0.7272727272727273	0.10909090909090909	0.13636363636363635	1.2181818181818183	0.13636363636363635	0.4818181818181818	0.38181818181818183	0.5363636363636364	0.5363636363636364	0.8090909090909091	0.22727272727272727	0.24545454545454545	0.1	0.24545454545454545	0.20909090909090908	0.7454545454545455	0.21818181818181817	0.5909090909090909	1.8545454545454545	0.4636363636363636	0.24545454545454545	0.34545454545454546	12.018181818181818	0.6181818181818182	0.3181818181818182	0.5181818181818182
S5A6	251124_095	0.11702127659574468		3.106382978723404	7.5212765957446805	0.4787234042553192		0.723404255319149	4.127659574468085	0.1595744680851064		0.1702127659574468	4.6063829787234045	0.648936170212766		1.0212765957446808	4.414893617021277	0.19148936170212766	0.4148936170212766	0.1702127659574468	0.40425531914893614	0.39361702127659576	0.39361702127659576		0.13829787234042554	1.0	0.2127659574468085		0.6063829787234043	1.4574468085106382	0.14893617021276595		0.5212765957446809		0.9893617021276596	0.5212765957446809	0.1276595744680851	0.26595744680851063	0.46808510638297873	0.6595744680851063	0.2872340425531915	1.2765957446808511	0.18085106382978725	0.4787234042553192	2.723404255319149	0.3191489361702128		0.11702127659574468	6.1063829787234045	0.2765957446808511		0.24468085106382978
S5A17	251124_096	0.13432835820895522	1.1940298507462686	1.1343283582089552	4.208955223880597	2.417910447761194	0.417910447761194	0.7313432835820896	4.626865671641791		0.1791044776119403	0.19402985074626866	4.3283582089552235	0.2537313432835821		0.23880597014925373	6.432835820895522	0.2835820895522388	0.5671641791044776	0.26865671641791045	0.23880597014925373	0.2835820895522388	0.13432835820895522	0.40298507462686567	0.19402985074626866	1.0	0.29850746268656714			0.8507462686567164		0.582089552238806	0.9701492537313433	0.7164179104477612	0.4626865671641791	0.746268656716418		0.3283582089552239	0.2537313432835821	0.31343283582089554	0.2835820895522388	0.8059701492537313	0.208955223880597	0.7164179104477612	4.2835820895522385	0.26865671641791045		0.8656716417910447	24.53731343283582	0.6716417910447762	0.31343283582089554	1.0149253731343284
S5A33	251124_097	0.13043478260869565	0.3695652173913043	3.0434782608695654	15.565217391304348				6.804347826086956		0.3695652173913043		6.956521739130435		0.41304347826086957	0.7391304347826086	9.91304347826087					0.34782608695652173	0.45652173913043476		0.3695652173913043	1.0	0.5217391304347826	0.30434782608695654	0.2826086956521739	4.586956521739131	0.2391304347826087	1.5869565217391304	0.41304347826086957	1.6521739130434783	0.9782608695652174	4.239130434782608	1.4565217391304348	1.5217391304347827	1.826086956521739	1.5217391304347827		1.5217391304347827	0.5217391304347826	1.8695652173913044	3.1956521739130435	0.7391304347826086	0.391304347826087	0.43478260869565216	68.76086956521739	2.4782608695652173	2.4782608695652173	2.152173913043478
S4B8	251124_098			4.5	13.153846153846153	2.8461538461538463		0.6538461538461539	3.6923076923076925	0.6153846153846154	0.6538461538461539	0.8076923076923077	8.961538461538462	0.46153846153846156	0.5769230769230769		9.076923076923077	0.4230769230769231		1.0	1.6153846153846154	0.9230769230769231		2.3846153846153846	1.8461538461538463	1.0	1.3076923076923077			2.6153846153846154	0.38461538461538464	1.6923076923076923	1.2307692307692308	5.0	1.3846153846153846	2.3846153846153846	0.6923076923076923	0.5769230769230769	0.46153846153846156	0.8076923076923077		5.615384615384615	0.8076923076923077	2.1923076923076925	4.846153846153846	0.6538461538461539	1.0	0.7692307692307693	32.92307692307692	0.6923076923076923	0.9615384615384616	1.5
S4B9	251124_099																																																			
S4B24	251124_100			1.5977011494252873	6.160919540229885			0.21839080459770116	1.7126436781609196	0.14942528735632185		0.22988505747126436	1.793103448275862	0.2413793103448276	0.14942528735632185		1.471264367816092	0.1724137931034483		0.22988505747126436		0.22988505747126436	0.27586206896551724		0.1724137931034483	1.0	0.3563218390804598	0.22988505747126436	0.7126436781609196	0.3103448275862069	0.2988505747126437	0.25287356321839083	0.5287356321839081	1.103448275862069	1.1149425287356323	1.0459770114942528	0.2413793103448276	0.25287356321839083	0.22988505747126436	0.9310344827586207	0.28735632183908044	0.3793103448275862		0.8390804597701149	1.8275862068965518	0.5862068965517241	0.22988505747126436	0.1839080459770115	5.862068965517241	0.5977011494252874	0.25287356321839083	0.5057471264367817
S4B20	251124_101			2.1044776119402986	15.014925373134329	4.3283582089552235	0.31343283582089554	0.6119402985074627	7.701492537313433	0.22388059701492538		0.3283582089552239	7.776119402985074	2.1343283582089554	0.2835820895522388	1.835820895522388	13.776119402985074		1.6865671641791045		1.791044776119403	0.43283582089552236	0.44776119402985076		0.5074626865671642	1.0				2.1343283582089554	0.31343283582089554	0.208955223880597	0.7313432835820896	1.9402985074626866	0.8059701492537313	1.0597014925373134	0.7014925373134329			0.44776119402985076		2.9402985074626864	0.373134328358209	0.9701492537313433	3.2238805970149254	0.6268656716417911	0.34328358208955223	0.6119402985074627	45.19402985074627	1.492537313432836		
S5A3	251124_102	1.0		1.2115384615384615	7.134615384615385	0.2692307692307692	0.23076923076923078		3.5961538461538463	0.3269230769230769	0.28846153846153844		3.9038461538461537		0.46153846153846156	0.4423076923076923	2.4615384615384617	0.2692307692307692	0.38461538461538464		0.36538461538461536	0.6923076923076923	0.34615384615384615	0.23076923076923078	0.3076923076923077	1.0	0.6153846153846154	0.3269230769230769	0.34615384615384615	0.3269230769230769	0.7115384615384616		0.9423076923076923	0.5576923076923077	2.576923076923077	0.8846153846153846	0.2692307692307692	0.34615384615384615			0.4807692307692308	0.6923076923076923		0.8269230769230769	0.9615384615384616	0.8269230769230769	0.5576923076923077	0.4423076923076923	14.75	0.6153846153846154		0.8461538461538461
S5A21	251124_103																																																			
S4B3	251124_104			1.1515151515151516	8.227272727272727	0.7424242424242424			2.5757575757575757	0.25757575757575757	0.19696969696969696	0.2727272727272727	1.5151515151515151	0.30303030303030304	0.6060606060606061		0.3181818181818182	0.48484848484848486	0.2878787878787879	0.30303030303030304	0.21212121212121213	0.25757575757575757		0.25757575757575757		1.0	0.24242424242424243	0.21212121212121213	0.8636363636363636	0.5606060606060606	0.6060606060606061		0.2727272727272727	1.0909090909090908	0.7121212121212122	2.0454545454545454	1.5303030303030303		0.19696969696969696		0.2727272727272727	0.9848484848484849	0.3787878787878788	3.1515151515151514	4.212121212121212	0.5606060606060606	0.3181818181818182		23.863636363636363	1.5454545454545454	1.5606060606060606	0.25757575757575757
S4B22	251124_105		0.4	4.911111111111111	18.044444444444444	0.15555555555555556	0.3333333333333333		1.5777777777777777				2.3777777777777778	0.28888888888888886	0.35555555555555557	3.4	4.844444444444444	0.5333333333333333	0.3333333333333333		2.2	0.4	0.4222222222222222	0.4444444444444444	0.4	1.0	0.4444444444444444	0.4222222222222222	0.37777777777777777	2.6		1.288888888888889		1.6	1.6222222222222222	2.511111111111111	0.35555555555555557	0.28888888888888886	0.4666666666666667			1.3111111111111111	0.3333333333333333	1.3333333333333333	4.266666666666667	0.7333333333333333		0.26666666666666666	6.733333333333333	0.8	0.24444444444444444	0.3111111111111111
S5A38	251124_106	0.20930232558139536	1.8604651162790697	2.046511627906977	13.13953488372093	1.5116279069767442	1.2790697674418605	0.3953488372093023	2.7674418604651163		0.27906976744186046	0.5116279069767442	1.5813953488372092	1.4186046511627908		0.5116279069767442		0.4418604651162791	0.5581395348837209	2.697674418604651		0.20930232558139536	0.5813953488372093	0.3488372093023256		1.0	0.4186046511627907	0.2558139534883721	0.5348837209302325	0.32558139534883723	2.302325581395349	1.5813953488372092	1.1395348837209303	2.302325581395349	1.6744186046511629	2.883720930232558	0.4883720930232558	2.744186046511628	0.2558139534883721	2.7209302325581395	0.32558139534883723	0.4186046511627907		0.5813953488372093	3.0697674418604652	1.2790697674418605	0.8604651162790697	0.18604651162790697	18.25581395348837	0.5116279069767442	0.5116279069767442	1.069767441860465
S5A26	251124_107	4.909090909090909	1.6363636363636365	10.545454545454545	49.0				16.636363636363637	1.7272727272727273	1.9090909090909092	1.9090909090909092	42.18181818181818	3.3636363636363638	2.727272727272727	2.4545454545454546	30.545454545454547	1.9090909090909092	2.090909090909091	1.8181818181818181	6.0	3.909090909090909		1.2727272727272727		1.0	1.3636363636363635	1.1818181818181819	2.4545454545454546	14.272727272727273	1.0	3.1818181818181817	3.1818181818181817	3.4545454545454546	4.090909090909091	4.909090909090909	4.545454545454546			2.727272727272727	2.3636363636363638	3.4545454545454546		9.090909090909092	12.545454545454545	9.0	3.0	1.3636363636363635	74.0	4.454545454545454	4.363636363636363	4.0
S5A18	251124_108																																																			
S4B33	251124_109	1.6153846153846154	0.6153846153846154	4.1923076923076925	17.423076923076923	1.6923076923076923	3.3461538461538463	1.8076923076923077	15.538461538461538	0.6923076923076923			7.423076923076923			2.1538461538461537	13.23076923076923		0.9230769230769231	2.1923076923076925	2.6153846153846154	1.5	1.0	1.0769230769230769	2.0	1.0	2.0	0.6923076923076923		10.923076923076923	0.6923076923076923	1.1153846153846154		5.1923076923076925	5.115384615384615	4.0	0.6923076923076923	3.769230769230769	1.3076923076923077	3.6538461538461537		3.269230769230769	1.4615384615384615	2.6153846153846154	3.076923076923077	0.5769230769230769	1.2692307692307692		23.03846153846154	0.9230769230769231	0.8076923076923077	7.230769230769231
S4B34	251124_110	0.358974358974359		2.0	10.205128205128204	1.0256410256410255		0.48717948717948717	1.564102564102564		0.5128205128205128		2.0256410256410255		0.5384615384615384	0.3333333333333333	2.8461538461538463			0.7692307692307693	0.7948717948717948	0.717948717948718	0.358974358974359			1.0			0.6153846153846154	1.641025641025641	0.5384615384615384		0.48717948717948717			1.3333333333333333	0.48717948717948717	0.5641025641025641	0.5128205128205128	1.8717948717948718	0.6153846153846154	1.1794871794871795		0.9230769230769231	7.051282051282051		0.7435897435897436	0.6153846153846154	8.923076923076923	0.717948717948718	0.48717948717948717	
S5A28	251124_111																																																			
S4B11	251124_112	0.11888111888111888		0.8601398601398601	0.35664335664335667	1.5594405594405594	0.3916083916083916	0.07692307692307693	0.7902097902097902	0.1888111888111888	0.09090909090909091	0.5524475524475524	1.3566433566433567	0.16083916083916083	0.1888111888111888	0.14685314685314685		0.1048951048951049		0.0979020979020979	0.13286713286713286	0.14685314685314685	0.13286713286713286		0.13986013986013987	1.0	0.14685314685314685	0.1258741258741259	0.32167832167832167	0.14685314685314685		0.35664335664335667	0.46153846153846156	0.42657342657342656	0.951048951048951	0.4825174825174825	0.16083916083916083	0.27972027972027974		0.25874125874125875	0.1888111888111888	0.2727272727272727	0.40559440559440557	0.7202797202797203	1.6433566433566433	0.22377622377622378	0.20279720279720279	0.13986013986013987	9.41958041958042	0.24475524475524477	0.15384615384615385	0.44755244755244755
S5A27	251124_113	0.7183098591549296		2.436619718309859	10.267605633802816	0.5633802816901409		0.3380281690140845	1.6619718309859155	0.23943661971830985		0.38028169014084506	2.084507042253521	0.6901408450704225	0.2676056338028169	1.056338028169014	4.535211267605634		0.323943661971831	0.323943661971831	0.30985915492957744	0.323943661971831		0.30985915492957744	0.7887323943661971	1.0	0.49295774647887325	0.323943661971831	0.4225352112676056	1.0140845070422535	0.7464788732394366	0.676056338028169	1.2253521126760563	0.8873239436619719	0.8732394366197183	0.5633802816901409	0.28169014084507044	0.5492957746478874	0.7746478873239436	0.5633802816901409	0.28169014084507044	1.0140845070422535		1.0704225352112675	2.1971830985915495	0.5211267605633803	0.4225352112676056		14.380281690140846	1.1267605633802817	0.36619718309859156	0.6197183098591549
S5A39	251124_114		0.4642857142857143	3.3214285714285716	11.75	2.2857142857142856	1.8928571428571428		3.107142857142857	0.39285714285714285	0.5		1.4642857142857142	3.0714285714285716	0.42857142857142855	0.39285714285714285	0.35714285714285715	0.4642857142857143	0.5357142857142857		0.5714285714285714			0.8214285714285714		1.0	0.7857142857142857		1.7857142857142858	0.42857142857142855	1.2857142857142858	0.32142857142857145	0.75	3.1785714285714284	6.178571428571429	3.2857142857142856	1.9642857142857142	1.6071428571428572		0.35714285714285715	0.5357142857142857	3.0	0.8214285714285714	3.4642857142857144	2.9642857142857144		0.8214285714285714	0.7142857142857143	24.392857142857142	2.392857142857143		1.5
S5A37	251124_115			3.4603174603174605	25.238095238095237	0.3333333333333333	0.4444444444444444	0.20634920634920634	3.634920634920635		0.3333333333333333	0.8095238095238095	7.682539682539683			1.1746031746031746	8.285714285714286	0.30158730158730157		0.47619047619047616	1.6031746031746033	0.5238095238095238		2.5714285714285716	2.0317460317460316	1.0	0.5396825396825397	0.31746031746031744	0.20634920634920634	1.1746031746031746		1.3968253968253967	0.8095238095238095	1.0317460317460319	1.5238095238095237	0.47619047619047616	0.23809523809523808	1.3492063492063493	0.23809523809523808	0.5555555555555556	0.3492063492063492	0.25396825396825395	0.31746031746031744	1.4761904761904763	3.111111111111111	1.1587301587301588	1.3650793650793651	0.42857142857142855	31.03174603174603	0.5238095238095238	0.3492063492063492	0.47619047619047616
S4B29	251124_116			1.576271186440678	12.711864406779661	2.830508474576271	0.6949152542372882	1.1694915254237288	4.271186440677966	0.3389830508474576	0.4067796610169492	0.4915254237288136	2.542372881355932	0.3559322033898305		0.3898305084745763	0.8813559322033898	0.2033898305084746		0.3559322033898305	0.23728813559322035			0.3050847457627119		1.0		0.3389830508474576		0.4915254237288136	0.3220338983050847	1.3389830508474576		1.576271186440678	1.5423728813559323	2.440677966101695		0.3728813559322034	0.3389830508474576	0.3728813559322034	0.4067796610169492		1.8644067796610169	0.576271186440678	3.6271186440677967	1.0169491525423728	0.2542372881355932	0.2033898305084746	10.101694915254237	1.3389830508474576	0.8813559322033898	0.6271186440677966
S5A35	251124_117	0.9333333333333333	2.2666666666666666	13.266666666666667	42.333333333333336			1.3333333333333333	9.666666666666666		1.3333333333333333	1.7333333333333334	25.4				17.933333333333334		1.6666666666666667		3.066666666666667	1.9333333333333333	1.2	0.8666666666666667	0.9333333333333333	1.0	1.8666666666666667		1.2	9.266666666666667	1.1333333333333333	3.466666666666667		7.6	7.533333333333333	3.7333333333333334	2.4		3.2666666666666666			6.666666666666667	1.8	3.066666666666667	14.4	2.8666666666666667		1.6	70.6		1.4666666666666666	1.5333333333333334
S4B26	251124_118		1.5087719298245614	1.105263157894737	15.333333333333334	1.894736842105263	0.43859649122807015	0.24561403508771928	3.456140350877193	0.2631578947368421	0.2631578947368421	0.3333333333333333	2.736842105263158			0.14035087719298245	0.5964912280701754		0.2982456140350877	0.19298245614035087	0.15789473684210525	0.2807017543859649	0.43859649122807015	0.2982456140350877	0.22807017543859648	1.0		0.21052631578947367	0.9824561403508771	0.15789473684210525	1.0701754385964912	0.9298245614035088	0.5263157894736842	1.0	0.8070175438596491	0.8947368421052632		0.7368421052631579	0.6140350877192983	0.7543859649122807	0.38596491228070173	0.7894736842105263	0.3684210526315789	1.0175438596491229	2.4210526315789473	0.6666666666666666	0.15789473684210525	0.2982456140350877	14.649122807017545	1.5263157894736843	0.543859649122807	0.38596491228070173
S5A15	251124_119			1.6625	5.2	0.35	0.5375	0.2	4.2125	0.125	0.175	0.1375	3.825	0.6125		0.35	4.55	0.1875	0.4125	0.5875	0.375		0.225	0.175	0.225	1.0	0.8	0.15		1.6625	0.275	0.725	0.725	0.35		0.6875	0.4125	0.225	0.2125	0.3125		0.35	0.2125	0.575	2.5875	0.6	0.3375	0.1875	5.175	0.7125	0.6875	0.5625
S4B12	251124_120	0.23255813953488372		1.4651162790697674	3.5930232558139537	0.1744186046511628	0.26744186046511625	0.43023255813953487	1.7790697674418605	0.20930232558139536	0.1744186046511628		0.6744186046511628	0.12790697674418605	0.20930232558139536	0.18604651162790697	1.3372093023255813	0.19767441860465115	0.13953488372093023		0.18604651162790697	0.22093023255813954		0.313953488372093	0.3953488372093023	1.0	0.3023255813953488	0.313953488372093	1.244186046511628	1.0465116279069768		0.2558139534883721		0.9534883720930233	0.9534883720930233	0.6744186046511628	0.23255813953488372	0.4186046511627907	1.0930232558139534			0.3953488372093023		0.19767441860465115	1.2790697674418605	0.6976744186046512	0.5232558139534884	0.37209302325581395	3.3488372093023258	0.20930232558139536	0.22093023255813954	0.3023255813953488
S4B2	251124_121																																																			
S4B18	251124_122	0.3263157894736842		0.5894736842105263	7.873684210526315	1.9789473684210526		0.47368421052631576	2.0526315789473686		0.25263157894736843	0.2736842105263158	2.0842105263157893		0.30526315789473685	0.6	3.210526315789474		0.37894736842105264	0.24210526315789474	0.8631578947368421	0.6631578947368421	0.29473684210526313	0.23157894736842105	0.18947368421052632	1.0	0.22105263157894736	0.1368421052631579		1.0526315789473684		0.5578947368421052	0.5157894736842106	0.4105263157894737	0.9157894736842105		0.23157894736842105	0.3157894736842105	0.8736842105263158	0.30526315789473685	0.30526315789473685	0.8210526315789474	0.23157894736842105	0.7368421052631579	1.2736842105263158	0.22105263157894736	0.2631578947368421	0.6947368421052632	14.347368421052632	0.3894736842105263		0.42105263157894735
S5A23	251124_123	0.24615384615384617	0.4153846153846154	2.7384615384615385	9.076923076923077	1.1692307692307693	0.8307692307692308	0.3384615384615385	3.707692307692308				4.2153846153846155			1.1692307692307693	4.923076923076923			0.7538461538461538	0.49230769230769234	0.4153846153846154	0.3230769230769231	0.7692307692307693		1.0	0.5538461538461539	0.3076923076923077	0.18461538461538463	2.2153846153846155	0.3076923076923077	0.5384615384615384	1.4923076923076923	2.0307692307692307	1.0923076923076922	1.2615384615384615	0.5230769230769231			0.46153846153846156	0.6307692307692307	1.8461538461538463	0.2923076923076923	1.5538461538461539	3.4461538461538463	0.7538461538461538	0.4	1.123076923076923	9.23076923076923	0.47692307692307695	0.46153846153846156	0.9384615384615385
S5A13	251124_124																																																			
S4B19	251124_125	0.16822429906542055	0.3644859813084112	1.2990654205607477	4.392523364485982	0.6728971962616822	0.42990654205607476		2.6261682242990654		0.19626168224299065	0.12149532710280374	1.3364485981308412	0.2616822429906542		0.2616822429906542	2.616822429906542	0.12149532710280374	0.1588785046728972	0.12149532710280374	0.6822429906542056		0.17757009345794392	0.42990654205607476	0.09345794392523364	1.0	0.1308411214953271			1.1308411214953271		1.0	0.17757009345794392	0.45794392523364486	0.719626168224299	0.3177570093457944	0.21495327102803738	0.2523364485981308	0.38317757009345793	0.4766355140186916	0.24299065420560748	0.8691588785046729	0.18691588785046728	0.5046728971962616	0.9906542056074766	0.2336448598130841	0.1588785046728972	0.1588785046728972	3.121495327102804	0.34579439252336447	0.34579439252336447	
S5A7	251124_126				14.18918918918919	1.7297297297297298	0.40540540540540543	0.5675675675675675	6.945945945945946	0.4594594594594595	0.40540540540540543		4.486486486486487	0.43243243243243246	0.6486486486486487	0.7027027027027027	1.8918918918918919		0.5945945945945946	0.4864864864864865	0.4864864864864865	0.5945945945945946			0.3783783783783784	1.0	0.5945945945945946	0.6216216216216216	2.081081081081081	0.8378378378378378	1.3513513513513513	1.7837837837837838	2.054054054054054	1.5135135135135136	1.6216216216216217	3.72972972972973		1.5135135135135136	0.6486486486486487	1.0810810810810811	0.6756756756756757	0.8108108108108109	0.43243243243243246	1.3783783783783783	4.8108108108108105	0.8378378378378378	0.6216216216216216	0.32432432432432434	14.972972972972974	1.1081081081081081	1.2972972972972974	0.5405405405405406
S5A22	251124_127			1.9142857142857144	30.428571428571427			0.37142857142857144	3.5428571428571427	0.3142857142857143	0.4857142857142857	0.37142857142857144	2.2	0.4857142857142857	0.5428571428571428	2.085714285714286	9.4		0.9714285714285714		1.8285714285714285	0.7142857142857143		0.4	1.5142857142857142	1.0	1.1428571428571428	0.37142857142857144		3.2857142857142856	0.34285714285714286	1.6285714285714286				0.6571428571428571	2.0285714285714285	0.6	0.4	0.5714285714285714	0.2	0.7428571428571429	0.5428571428571428	2.7714285714285714	1.0857142857142856	3.4		0.5142857142857142	23.34285714285714	1.1428571428571428	0.7714285714285715	0.4
S5A12	251124_128	0.4482758620689655		1.0	29.75862068965517	3.586206896551724			2.793103448275862	0.3103448275862069	0.9310344827586207	0.4827586206896552	3.310344827586207		0.6206896551724138					0.3448275862068966			2.0689655172413794		2.4482758620689653	1.0		0.4482758620689655	1.4482758620689655		0.4482758620689655			2.2758620689655173	2.1379310344827585	4.0		0.3793103448275862	0.6551724137931034	0.896551724137931		1.6551724137931034	0.5517241379310345	2.5172413793103448	7.172413793103448	3.2758620689655173	0.7586206896551724	0.41379310344827586	28.896551724137932	1.5862068965517242	1.5862068965517242	
S4B37	251124_129	0.30120481927710846		1.6144578313253013	12.626506024096386	0.6024096385542169	0.3373493975903614		2.5542168674698793	0.1927710843373494			2.072289156626506	0.5180722891566265	0.20481927710843373	1.2650602409638554	4.216867469879518	0.27710843373493976	0.3373493975903614	1.5060240963855422	1.3253012048192772				0.7349397590361446	1.0	0.4578313253012048	0.1927710843373494	1.0481927710843373	1.5662650602409638		0.8192771084337349	0.8313253012048193	0.12048192771084337	0.8674698795180723	1.1927710843373494	0.37349397590361444	0.5542168674698795	0.24096385542168675	0.6144578313253012		0.5060240963855421	0.6385542168674698	0.14457831325301204	1.1686746987951808	0.20481927710843373	0.27710843373493976	1.1325301204819278	14.060240963855422	0.4819277108433735	0.6385542168674698	0.7590361445783133
S4B4	251124_130	0.34			10.18	0.4	0.36	1.3	6.72	0.3	0.24	0.36	3.14	0.22		0.64	4.16				0.34	0.36	0.6	0.9	0.3	1.0				1.64		0.28	0.5	0.8	0.76	1.72	0.24	1.58	0.3	0.46		2.8		1.28	1.1	0.42		0.24	12.1		0.36	1.02
S5A31	251124_131	0.3333333333333333		1.0634920634920635	8.317460317460318	1.380952380952381	0.42857142857142855		4.142857142857143	0.3492063492063492	0.3968253968253968	0.3333333333333333	2.1904761904761907	0.2222222222222222	0.3968253968253968	0.4603174603174603	3.7301587301587302	0.30158730158730157	0.47619047619047616	0.42857142857142855	0.5396825396825397	1.4603174603174602	0.3333333333333333	0.2857142857142857		1.0	0.6507936507936508	0.30158730158730157		1.3174603174603174	0.2857142857142857	0.7142857142857143		1.619047619047619	1.6349206349206349	2.0793650793650795	0.6825396825396826	0.49206349206349204		0.30158730158730157	0.2857142857142857	1.8253968253968254	0.3492063492063492	0.6031746031746031	1.8095238095238095	0.9365079365079365	0.6984126984126984	1.2222222222222223	20.634920634920636		0.31746031746031744	1.2380952380952381
S5A30	251124_132	0.7142857142857143	0.6285714285714286	5.142857142857143	16.857142857142858	1.7142857142857142			8.342857142857143	0.4857142857142857	0.45714285714285713		5.285714285714286		0.34285714285714286	0.4	7.542857142857143			0.4857142857142857	0.8857142857142857	0.8857142857142857	0.6285714285714286		0.7714285714285715	1.0	0.42857142857142855	0.5142857142857142		5.0	0.37142857142857144	0.5428571428571428	0.42857142857142855	3.0	1.0857142857142856	2.7714285714285714	0.3142857142857143		1.2285714285714286		0.9714285714285714	1.8285714285714285	0.7428571428571429	2.1142857142857143	1.6285714285714286	0.6857142857142857	0.9428571428571428		17.685714285714287	0.6	0.5428571428571428	1.6571428571428573
S5A24	251124_133	0.3695652173913043		2.869565217391304	10.717391304347826	1.673913043478261			3.0869565217391304	0.5	0.43478260869565216	0.3695652173913043	3.5217391304347827		0.4782608695652174	2.5217391304347827	5.217391304347826		0.5	0.391304347826087	0.8043478260869565	0.41304347826086957	0.41304347826086957		1.0217391304347827	1.0	0.4782608695652174	0.3695652173913043	0.5217391304347826	0.8260869565217391	1.0217391304347827	1.5869565217391304	0.7391304347826086	1.173913043478261	1.1956521739130435	2.1956521739130435	0.6739130434782609	0.5652173913043478	0.41304347826086957	0.5869565217391305	0.43478260869565216	1.608695652173913	0.4782608695652174	1.8478260869565217	1.891304347826087	0.6739130434782609	0.6739130434782609	0.30434782608695654	17.58695652173913	1.391304347826087	1.391304347826087	0.6956521739130435
S4B16	251124_134																																																			
S4B39	251124_135	0.09345794392523364		1.1682242990654206	6.738317757009346	0.5607476635514018	0.11214953271028037	0.3177570093457944	0.6355140186915887		0.102803738317757	0.14018691588785046	1.1495327102803738	0.1588785046728972	0.29906542056074764	0.5233644859813084	1.6074766355140186	0.16822429906542055	0.17757009345794392		0.18691588785046728	0.21495327102803738	0.24299065420560748		0.1588785046728972	1.0	0.42990654205607476		0.2523364485981308	1.691588785046729	0.19626168224299065	0.2523364485981308		0.8785046728971962	0.8691588785046729			0.16822429906542055		0.2336448598130841	0.27102803738317754	0.5233644859813084		0.822429906542056	1.1495327102803738	0.19626168224299065		0.35514018691588783	5.429906542056075	0.2803738317757009	0.205607476635514	0.14953271028037382
S5A1	251124_136	0.175		2.425	13.825		0.45		2.875	1.075	0.6			0.35	0.375	0.6	2.2			0.425		0.475	0.5			1.0		0.35	0.45	2.425		2.15	0.475			0.925	0.5	0.475	0.55	0.5	0.475	0.35	0.575	0.15	1.25		0.6	0.35	7.65	0.4		0.85
S5A10	251124_137																																																			
S5A25	251124_138	0.36065573770491804	0.3114754098360656	0.7868852459016393	27.278688524590162	1.540983606557377		0.3442622950819672	0.39344262295081966		0.39344262295081966		2.3114754098360657	0.4426229508196721	0.3442622950819672			0.21311475409836064		0.18032786885245902	0.26229508196721313	0.5081967213114754	0.2786885245901639	0.4098360655737705	0.26229508196721313	1.0	0.4098360655737705	0.2459016393442623	1.0	1.2131147540983607	0.19672131147540983	0.3442622950819672	1.4754098360655739	1.1475409836065573	1.1311475409836065	1.8852459016393444	0.26229508196721313	0.3770491803278688	0.2786885245901639	1.1967213114754098	0.39344262295081966	0.5081967213114754	0.36065573770491804	1.0655737704918034	2.360655737704918	1.0491803278688525		0.19672131147540983	10.852459016393443	0.3442622950819672	0.3770491803278688	0.7540983606557377
S5A19	251124_139	0.7397260273972602	0.1917808219178082	2.4794520547945207	25.315068493150687	0.3150684931506849	0.273972602739726	1.1506849315068493	10.602739726027398	0.2328767123287671	0.3561643835616438		5.52054794520548	1.1506849315068493		2.356164383561644	12.136986301369863		0.3287671232876712		1.452054794520548	0.2054794520547945	0.8082191780821918	0.3287671232876712	0.410958904109589	1.0	0.2876712328767123	0.2191780821917808	0.4383561643835616	2.0547945205479454	0.3287671232876712	2.0547945205479454	0.5068493150684932	1.6849315068493151	0.1232876712328767	1.452054794520548	0.3287671232876712	1.547945205479452	0.7534246575342466	0.5616438356164384	0.3287671232876712	1.3424657534246576		0.9315068493150684	2.8767123287671232	0.6027397260273972	0.4520547945205479	0.8767123287671232	29.78082191780822		0.6301369863013698	1.2876712328767124
S5A32	251124_140	0.5714285714285714		8.17142857142857	21.914285714285715	2.257142857142857	4.457142857142857	0.2571428571428571	14.571428571428571	0.6285714285714286		1.0571428571428572	11.942857142857143	0.5142857142857142	1.3142857142857143	1.2571428571428571	8.885714285714286		1.6571428571428573	0.5142857142857142	1.5142857142857142		0.4857142857142857	0.7714285714285715	0.17142857142857143	1.0	0.7428571428571429	0.6285714285714286		5.714285714285714	0.6285714285714286	0.37142857142857144	2.4	2.5714285714285716	2.742857142857143	4.428571428571429	0.45714285714285713	2.257142857142857	0.8571428571428571	2.257142857142857	0.4	1.542857142857143	0.6571428571428571	1.4285714285714286	1.9142857142857144	0.6857142857142857	0.6	0.5142857142857142	51.114285714285714	1.4	1.1428571428571428	6.571428571428571
S4B7	251124_141																																																			
S5A4	251124_142			2.2564102564102564	22.692307692307693	2.230769230769231	1.0		8.205128205128204	0.4358974358974359	0.48717948717948717	0.8205128205128205	2.8461538461538463	0.46153846153846156		0.3076923076923077	0.48717948717948717	0.38461538461538464		0.48717948717948717	0.46153846153846156	0.6153846153846154		0.5128205128205128	0.2564102564102564	1.0	0.8461538461538461		1.1025641025641026	0.5128205128205128		1.4102564102564104	0.6666666666666666	1.5897435897435896	1.794871794871795	2.230769230769231	0.3076923076923077	0.5384615384615384		1.641025641025641	0.6410256410256411	1.9487179487179487	0.3333333333333333	1.2820512820512822	6.282051282051282	0.4358974358974359	0.41025641025641024	0.8205128205128205	16.974358974358974	0.717948717948718	1.1025641025641026	0.3076923076923077
S4B23	251124_143																																																			
S4B10	251124_144	0.34285714285714286	0.17142857142857143	0.9142857142857143	7.171428571428572	0.9571428571428572	0.2857142857142857	0.18571428571428572	2.585714285714286		0.21428571428571427	0.5	4.857142857142857	0.8		0.22857142857142856	2.7	1.4	0.34285714285714286		1.0571428571428572		0.24285714285714285	0.12857142857142856	0.2714285714285714	1.0	0.3142857142857143		0.38571428571428573	1.5		0.4714285714285714	0.5285714285714286	0.7142857142857143	0.5428571428571428	0.5428571428571428	0.3	0.8	0.2714285714285714	0.7857142857142857	0.22857142857142856	1.2428571428571429	0.2571428571428571		1.5714285714285714	0.42857142857142855	0.2857142857142857	0.37142857142857144	15.114285714285714	0.7857142857142857	0.7571428571428571	0.4
S5A11	251124_145		0.5666666666666667	4.133333333333334	26.966666666666665	2.0	2.3333333333333335		4.866666666666666	0.6666666666666666	0.5333333333333333	0.7666666666666667	9.266666666666667		0.7666666666666667	1.2666666666666666	10.1		0.8666666666666667		3.8666666666666667	3.1		0.6	1.0666666666666667	1.0	1.4333333333333333	0.6666666666666666		1.7333333333333334	0.8333333333333334	1.8666666666666667	0.4666666666666667	1.8666666666666667	1.4333333333333333	4.666666666666667	0.8333333333333334	0.7666666666666667	0.4666666666666667			4.1		0.9333333333333333	4.5	0.8666666666666667	0.8666666666666667	0.7	24.533333333333335	1.6	0.4666666666666667	0.9
S4B1	251124_146	0.7241379310344828	0.3793103448275862	4.827586206896552	18.862068965517242		0.7241379310344828	0.5862068965517241	1.6896551724137931	0.5172413793103449		0.7586206896551724	2.6551724137931036	1.0689655172413792		0.6206896551724138	12.96551724137931	0.3103448275862069	0.7586206896551724		1.3793103448275863		0.3448275862068966	1.3448275862068966	0.7586206896551724	1.0		0.41379310344827586	0.9655172413793104	1.9655172413793103	0.4482758620689655	0.41379310344827586	0.896551724137931	1.0	0.9655172413793104		0.5862068965517241	1.3793103448275863		1.9310344827586208	0.6206896551724138	0.9310344827586207	0.7931034482758621	2.0344827586206895	2.0344827586206895	0.6896551724137931	0.7586206896551724	0.8620689655172413	11.137931034482758	0.7586206896551724	0.5172413793103449	1.3103448275862069
S4B31	251124_147			3.314814814814815	9.62962962962963	2.3518518518518516	0.25925925925925924	2.5555555555555554	6.592592592592593	0.2222222222222222	1.7777777777777777		5.37037037037037	0.5740740740740741	0.3333333333333333	1.2962962962962963	6.277777777777778					1.5185185185185186	0.9629629629629629	1.0		1.0	0.48148148148148145	0.3148148148148148		3.1296296296296298	0.18518518518518517	1.2037037037037037		0.8148148148148148	1.4074074074074074	2.2962962962962963	0.5		0.6111111111111112		0.5555555555555556	0.5	0.3148148148148148	0.9444444444444444	3.1296296296296298		1.8333333333333333	0.3888888888888889	18.38888888888889	0.3888888888888889	0.37037037037037035	0.7592592592592593
S5A36	251124_148	0.453125	0.421875	0.546875	12.78125		0.328125		2.21875	0.21875	0.296875		5.671875	0.28125		0.421875	4.5		1.703125	0.234375	1.265625			1.671875	0.625	1.0	0.78125	0.296875	0.65625	1.96875	0.265625	0.5625	1.125	0.828125	1.796875	1.703125	0.34375		0.953125	0.359375	0.53125	0.71875		0.671875	3.453125	0.71875	0.5		10.4375	0.90625	0.9375	0.71875
S4B5	251124_149																																																			
S5A14	251124_150	0.2		1.92	6.6	0.2	0.25333333333333335		1.7866666666666666	0.21333333333333335	0.18666666666666668		1.3466666666666667			0.8266666666666667	3.8666666666666667	0.4	0.29333333333333333	0.14666666666666667	0.56	0.30666666666666664	0.25333333333333335		0.4533333333333333	1.0		0.08	0.4266666666666667	0.37333333333333335		0.29333333333333333	0.3333333333333333	0.29333333333333333	0.6133333333333333		0.22666666666666666	0.24		0.24	0.26666666666666666	0.68	0.29333333333333333	0.8533333333333334	2.2666666666666666	0.68	0.76		5.906666666666666	0.26666666666666666	0.4666666666666667	0.4
S4B21	251124_151		0.21818181818181817	1.8363636363636364	11.781818181818181	0.9636363636363636			9.690909090909091	0.32727272727272727	1.2545454545454546		2.7454545454545456	1.1818181818181819		0.8727272727272727	9.854545454545455		0.2727272727272727	0.41818181818181815	0.8727272727272727	0.36363636363636365		0.7090909090909091	0.36363636363636365	1.0				1.6181818181818182	0.4909090909090909	0.4	0.6	0.34545454545454546	1.5272727272727273	1.6	1.0909090909090908	0.7272727272727273	1.0363636363636364	0.8	0.36363636363636365	2.909090909090909	0.3090909090909091	0.6363636363636364	2.8	0.7272727272727273	0.5636363636363636	0.36363636363636365	24.87272727272727	0.6727272727272727	0.43636363636363634	0.7272727272727273
S4B38	251124_152		0.6	1.5636363636363637	15.363636363636363	3.2545454545454544	0.34545454545454546	0.4909090909090909	3.2181818181818183	0.23636363636363636	0.2909090909090909	0.2545454545454545	3.7636363636363637		0.2727272727272727	0.3090909090909091	0.5454545454545454	0.2909090909090909	0.23636363636363636		0.38181818181818183	0.4909090909090909	0.38181818181818183	0.34545454545454546	0.34545454545454546	1.0	0.43636363636363634		0.2909090909090909	0.43636363636363634		0.4		2.109090909090909	2.1454545454545455	2.0727272727272728	0.2		0.34545454545454546		0.509090909090909	1.4727272727272727	0.4909090909090909	0.9272727272727272	3.109090909090909	0.6181818181818182	0.41818181818181815	0.2909090909090909	18.2	1.0909090909090908	0.6727272727272727	0.9454545454545454
S5A8	251124_153	0.42857142857142855	0.42857142857142855	4.685714285714286	7.114285714285714	0.22857142857142856	0.2857142857142857	0.37142857142857144	6.457142857142857	0.5714285714285714	0.7428571428571429	0.5142857142857142	3.942857142857143			0.6285714285714286	6.8	1.0285714285714285		0.4	1.8571428571428572	0.5714285714285714		0.8571428571428571	0.4857142857142857	1.0	0.8857142857142857	0.6285714285714286	0.6285714285714286	1.0	0.8571428571428571		0.4857142857142857	1.9142857142857144	0.6285714285714286	1.4285714285714286	0.6857142857142857	0.8857142857142857	0.3142857142857143	0.8571428571428571	1.7714285714285714	1.3428571428571427	0.45714285714285713		4.714285714285714			1.542857142857143	10.2	0.45714285714285713	2.2857142857142856	0.7142857142857143
S4B17	251124_154	0.32		6.04	20.96	1.24	1.0	0.64	6.68		0.6	0.72	4.16		0.64	0.84	10.08			0.56	2.32	0.8		0.68	2.96	1.0	0.68	0.56	1.76	6.32	0.8		2.64	1.76	0.92	0.88	0.88	0.64	0.72	2.2		2.04	0.44		5.56	0.64	1.24		17.92	0.72	0.84	1.04
S5A2	251124_155			2.9	7.833333333333333	2.2666666666666666	0.5666666666666667		5.633333333333334	0.5		0.8666666666666667	2.8666666666666667		0.9		2.8333333333333335	1.6	0.5666666666666667	0.6666666666666666	0.6333333333333333			0.4666666666666667	0.6666666666666666	1.0		0.4		2.5		0.5333333333333333	0.7666666666666667	0.4	0.6333333333333333	1.3	0.26666666666666666		0.5	0.7333333333333333	1.7	2.5	0.6		0.5	2.066666666666667	1.0333333333333334		10.6	1.6666666666666667	2.7333333333333334	1.4
S4B35	251124_156			2.46	14.14		0.86	0.4	0.64			0.46	1.66	1.22	0.36		0.4	0.24	0.5	0.5	0.52	0.52	0.5	0.36	0.22	1.0	0.26		0.36		0.68		0.6	3.36	1.84	3.16	0.6	0.48	0.48	0.52	0.44	0.28	0.4	1.18	1.2	0.44	0.32	0.36	11.94	0.9	0.4	0.84
S5A16	251124_157		0.7865168539325843	0.9213483146067416	5.359550561797753		0.29213483146067415		1.5280898876404494		0.16853932584269662	0.2696629213483146	1.6292134831460674	0.16853932584269662	0.1348314606741573	0.449438202247191	2.4719101123595504	0.19101123595505617		0.30337078651685395		0.19101123595505617			0.21348314606741572	1.0	0.21348314606741572	0.16853932584269662	0.29213483146067415			0.4044943820224719	0.30337078651685395	0.34831460674157305	0.3595505617977528	0.4606741573033708	0.19101123595505617	0.21348314606741572	0.38202247191011235	0.25842696629213485	0.14606741573033707	1.1123595505617978	0.2247191011235955	0.5617977528089888	1.6292134831460674	0.2696629213483146		0.2247191011235955	10.426966292134832	0.3707865168539326	0.16853932584269662	
S4B15	251124_158	1.0416666666666667	0.8333333333333334	0.8333333333333334	17.791666666666668		1.7916666666666667		17.25		1.0		5.666666666666667	0.5833333333333334	1.1666666666666667		17.458333333333332			0.5	2.5833333333333335		1.2083333333333333		1.4583333333333333	1.0		0.5833333333333334		5.875		1.75	2.125	1.9166666666666667	1.9583333333333333	4.958333333333333	0.875	1.0	0.75			3.7083333333333335	1.3333333333333333	2.7916666666666665	4.041666666666667	2.6666666666666665	1.375	0.75	11.666666666666666	1.4166666666666667	1.375	
S4B36	251124_159			1.0256410256410255	8.038461538461538	0.5	0.1794871794871795		1.0128205128205128	0.1794871794871795	0.2692307692307692	0.24358974358974358	2.1153846153846154	0.24358974358974358		0.5769230769230769	1.8205128205128205	0.34615384615384615	0.20512820512820512		1.6025641025641026	0.28205128205128205	0.2692307692307692	0.28205128205128205		1.0	0.47435897435897434	0.24358974358974358		0.8589743589743589	0.5512820512820513		0.6538461538461539		0.5	0.2692307692307692	0.1794871794871795	0.24358974358974358	0.3974358974358974	0.24358974358974358	0.23076923076923078	0.6794871794871795		0.2692307692307692	1.3333333333333333	0.41025641025641024	0.32051282051282054		6.641025641025641	1.2179487179487178	1.1794871794871795	0.47435897435897434
S4B28	251124_160	0.4925373134328358	0.3283582089552239	1.3582089552238805	9.776119402985074			1.0149253731343284	3.970149253731343	0.23880597014925373	0.31343283582089554	0.3582089552238806	2.5671641791044775	0.3880597014925373	0.26865671641791045		0.373134328358209	0.3582089552238806	0.2537313432835821			0.16417910447761194	0.44776119402985076	0.19402985074626866	0.3283582089552239	1.0	0.26865671641791045	0.4925373134328358		0.208955223880597	0.2537313432835821	0.8656716417910447		0.5373134328358209	1.2985074626865671	1.208955223880597		0.5970149253731343		1.1044776119402986	0.31343283582089554	0.8656716417910447	0.208955223880597	0.7014925373134329	1.1791044776119404	0.23880597014925373	0.3283582089552239	0.3283582089552239	5.208955223880597	0.3880597014925373		1.044776119402985
