Sample	Rawname	[8871] 2-hydroxypyridine [6.519] Results	[107689] L-(+) lactic acid [6.851] Results	[757] glycolic acid [7.049] Results	[5950] L-alanine 1 [7.4748] Results	[971] oxalic acid [7.883] Results	[6287] L-valine 2 [9.151] Results	[5951] L-serine 1 [9.706] Results	[6106] L-leucine 2 [9.945] Results	[1004] phosphoric acid [9.966] Results	[791] DL-isoleucine 2 [10.225] Results	[145742] L-proline 2 [10.321] Results	[750] glycine [10.456] Results	[1110] succinic acid [10.509] Results	[439194] glyceric acid [10.735] Results	[760] glyoxylic acid [10.813] Results	[638129] citraconic acid [10.792] Results	[444972] fumaric acid [10.94] Results	[5951] L-serine 2 [11.174] Results	[5950] L-alanine 2 [11.182] Results	[439742] beta-cyano-L-alanine [11.288] Results	[6288] L-threonine 2 [11.464] Results	[239] Beta- alanine  1 [12.044] Results	[12647] L-homoserine 2 [12.359] Results	[92824] D-malic acid [12.794] Results	[5960] aspartic acid 2 [13.207] Results	[7405] L-pyroglutamic acid [13.218] Results	[119] gamma-aminobutyric acid (GABA) [13.326] Results	[5460407] threonic acid [13.652] Results	[51] alpha ketoglutaric acid [13.859] Results	[236] L-asparagine 1 [14.496] Results	[33032] L-glutamic acid 2 [14.398] Results	[236] L-asparagine 1 [14.496] Results.1	[428] 1,3-diaminopropane 1 [14.708] Results	[236] L-asparagine 2 [14.984] Results	[827] ribitol [15.66] Results	[754] glycerol 1-phosphate [16.056] Results	[738] L-glutamine 3 [16.092] Results	[8742] shikimic acid [16.433] Results	[311] citric acid [16.615] Results	[94214] methyl-beta-D-galactopyranoside   [16.935] Results	[190] adenine 1 [17.066] Results	[6508] quinic acid [17.076] Results	[5984] fructose 2 [17.288] Results	[448388] D-allose 1 [17.278] Results	[24749] D-glucose 1 [17.426] Results	[5962] L-lysine 2 [17.643] Results	[448388] D-allose 2 [17.521] Results	[6057] tyrosine 2 [17.871] Results	[6251] D-mannitol [17.81] Results	[128869] galactonic acid 2 [18.504] Results	[985] palmitic acid [18.846] Results	[204] allantoin 3 [19.167] Results	[445858] ferulic acid [19.312] Results	[101713] glucoheptonic acid 2 [19.615] Results	[892] myo-inositol [19.354] Results	[5281] stearic acid [20.675] Results	[439958] D-glucose-6-phosphate 2 [21.558] Results	[5202] serotonin 1 [22.532] Results	[5202] serotonin 2 [22.767] Results	[60961] adenosine [23.825] Results	[5988] Sucrose [23.988] Results	[6255] maltose 1 [24.702] Results	[16219560] lactobionic acid 1 [24.583] Results	[441422] beta-gentiobiose 2 [25.42] Results	[439451] galactinol 2 [26.479] Results
S4A35	251118_084					1.7395833333333333						0.13541666666666666			0.13541666666666666	0.7708333333333334	0.13541666666666666	0.6145833333333334	0.6041666666666666	4.166666666666667		0.20833333333333334	0.3125		3.59375	3.6041666666666665	5.34375	0.17708333333333334	0.9895833333333334		1.3020833333333333	1.4375		0.40625	2.1666666666666665	1.0	1.8541666666666667		0.2916666666666667	2.4270833333333335	0.9166666666666666		0.7604166666666666	1.1354166666666667	1.125	2.375	0.4166666666666667	0.65625	0.65625	2.15625	0.5416666666666666	1.2916666666666667	0.4166666666666667		0.71875	3.6354166666666665	0.6666666666666666	1.21875	0.71875	0.22916666666666666	0.75	43.5	1.0833333333333333		0.3020833333333333	0.375
S4A9	251118_085						0.6548672566371682	0.2743362831858407			0.13274336283185842	0.23008849557522124		0.13274336283185842	1.2566371681415929		0.18584070796460178	0.20353982300884957	0.26548672566371684	1.8761061946902655	0.17699115044247787				2.7876106194690267	5.150442477876106	5.6371681415929205		0.6548672566371682	1.0442477876106195	1.5398230088495575	1.8495575221238938	0.168141592920354	0.11504424778761062	2.84070796460177	1.0	0.6991150442477876	0.1592920353982301	0.5663716814159292	2.106194690265487	0.39823008849557523		0.584070796460177	0.6814159292035398		0.7256637168141593	0.23008849557522124		0.5486725663716814	1.345132743362832	0.5132743362831859	0.9911504424778761	0.3805309734513274	0.6194690265486725	1.5398230088495575	2.9026548672566372	0.30973451327433627	0.6371681415929203	0.7433628318584071	0.4247787610619469	0.7256637168141593	28.265486725663717	1.4690265486725664	0.3805309734513274	0.20353982300884957	0.6637168141592921
S4A24	251118_086		0.1440677966101695		0.4745762711864407		0.1864406779661017	0.1440677966101695			0.1016949152542373	0.15254237288135594		0.2288135593220339	0.4745762711864407	0.5169491525423728	0.2288135593220339			1.6101694915254237	0.22033898305084745	0.22033898305084745			2.3389830508474576	3.406779661016949	6.008474576271187	0.5	0.7627118644067796	0.3389830508474576	0.7203389830508474	0.7372881355932204		0.1694915254237288	1.0932203389830508	1.0	0.7033898305084746		0.4745762711864407	1.1864406779661016		0.3305084745762712	1.61864406779661	0.7796610169491526	0.5338983050847458	0.635593220338983		0.5084745762711864		0.7203389830508474		0.940677966101695		0.5423728813559322	0.8898305084745762	2.6610169491525424	0.4491525423728814	1.0593220338983051	0.635593220338983	0.2711864406779661	0.6101694915254238	17.423728813559322	0.576271186440678	0.2627118644067797	0.5	0.5932203389830508
S4A39	251118_087			0.175	0.3125					0.6125	0.2375	0.2125			1.05	0.55			0.275	2.6		0.625			3.15	2.6625	9.2125	0.325	0.35	0.275	1.9625	2.2375			1.1375	1.0	0.8875		1.8625	2.2125	0.3	0.7625	1.5375	1.2125	0.7375	1.95		0.95	0.475	1.525	0.425	1.125		0.375	0.9875	1.65	0.6125	0.9375	0.875	0.3	0.475	23.0	0.9375	0.7375	1.0875	0.525
S2B2	251118_088		0.17272727272727273	0.23636363636363636								0.22727272727272727		0.23636363636363636		0.23636363636363636				4.654545454545454		0.3		0.3181818181818182	2.518181818181818	1.2545454545454546	2.981818181818182			0.5545454545454546	1.4181818181818182		0.23636363636363636	0.41818181818181815	0.6363636363636364	1.0	0.5545454545454546		0.5909090909090909	1.6545454545454545	0.43636363636363634	0.20909090909090908	0.6	0.6272727272727273	0.7181818181818181	0.9181818181818182		0.7181818181818181	0.17272727272727273	0.8181818181818182		1.3	0.20909090909090908	0.20909090909090908	0.33636363636363636	1.7272727272727273	0.8181818181818182	0.6727272727272727	0.5636363636363636		1.0545454545454545	32.30909090909091	0.9363636363636364		0.39090909090909093	0.4727272727272727
S2B15	251118_089	0.10091743119266056				0.9174311926605505				0.46788990825688076	0.11926605504587157						0.29357798165137616		1.018348623853211	8.045871559633028		0.11926605504587157	0.1743119266055046	0.3211009174311927	3.385321100917431	1.853211009174312	6.981651376146789	0.3119266055045872	0.3577981651376147	0.27522935779816515	0.1651376146788991	0.5779816513761468	0.1743119266055046			1.0				1.834862385321101	0.47706422018348627	0.1926605504587156		1.385321100917431	1.311926605504587	1.724770642201835		0.8899082568807339	0.3761467889908257	1.036697247706422	0.42201834862385323	0.4954128440366973	0.28440366972477066		0.5871559633027523	2.0	0.8256880733944955	0.7522935779816514	0.11926605504587157		0.1926605504587156	44.63302752293578	0.8990825688073395	0.30275229357798167	0.5596330275229358	0.8532110091743119
S4A3	251118_090										0.2222222222222222				0.30303030303030304		0.12121212121212122			5.171717171717172	0.2222222222222222	0.9191919191919192		0.2828282828282828	1.2323232323232323	1.7474747474747474	4.252525252525253		1.3333333333333333		1.1515151515151516	0.7070707070707071	0.37373737373737376	0.1919191919191919	1.1616161616161615	1.0	0.5252525252525253		0.5656565656565656	1.6464646464646464	0.24242424242424243			0.8484848484848485	0.6464646464646465				0.41414141414141414	0.5858585858585859		1.303030303030303	0.31313131313131315	0.35353535353535354	1.1313131313131313	1.9292929292929293	0.13131313131313133		0.21212121212121213	0.2222222222222222	1.3434343434343434	16.060606060606062	1.0909090909090908	0.3939393939393939	0.25252525252525254	0.5656565656565656
S2B11	251118_091	0.1308411214953271									0.34579439252336447	0.09345794392523364					0.3364485981308411		0.6635514018691588	1.644859813084112	0.16822429906542055		0.29906542056074764	0.11214953271028037	1.6728971962616823	3.7476635514018692	4.514018691588785		0.38317757009345793	0.18691588785046728	0.32710280373831774	0.5981308411214953	0.16822429906542055	0.21495327102803738		1.0	0.8691588785046729	0.205607476635514	0.2897196261682243	1.0	0.38317757009345793		1.4205607476635513	0.5700934579439252		0.7570093457943925		0.18691588785046728	0.5981308411214953	1.0	0.2336448598130841	1.1869158878504673	0.2616822429906542	0.308411214953271	0.6728971962616822	1.5233644859813085	0.29906542056074764		0.3177570093457944	0.21495327102803738		10.682242990654206	0.7289719626168224	0.6915887850467289	0.40186915887850466	0.45794392523364486
S4A4	251118_092			0.14049586776859505			0.08264462809917356	0.12396694214876033		0.5454545454545454				0.30578512396694213	0.36363636363636365	0.6776859504132231		0.15702479338842976	0.49586776859504134	3.2975206611570247		0.18181818181818182	0.2231404958677686		2.272727272727273	0.6446280991735537	2.884297520661157	0.19834710743801653	0.4380165289256198		1.7685950413223142	1.487603305785124			1.3553719008264462	1.0			0.19834710743801653	1.6446280991735538	0.24793388429752067	0.48760330578512395	0.21487603305785125	0.628099173553719	0.6198347107438017	1.2231404958677685	0.6115702479338843		1.0661157024793388	1.024793388429752	0.2975206611570248	1.0082644628099173			0.30578512396694213	1.8677685950413223	0.859504132231405	0.23140495867768596	0.30578512396694213	0.21487603305785125	0.19834710743801653	15.520661157024794	1.256198347107438	0.1652892561983471	0.45454545454545453	
S2B19	251118_093		0.17054263565891473	0.13178294573643412	0.08527131782945736					0.15503875968992248					0.3178294573643411		0.17829457364341086		0.3333333333333333	5.0		0.13178294573643412	0.16279069767441862		1.7131782945736433	1.7054263565891472	8.790697674418604	0.17054263565891473	0.3875968992248062	0.4108527131782946	1.3643410852713178	1.7984496124031009			0.813953488372093	1.0	0.8372093023255814	0.1937984496124031	0.5736434108527132	1.2248062015503876	0.3798449612403101	0.3953488372093023	0.5736434108527132	0.5813953488372093		1.1085271317829457		0.5503875968992248	1.0232558139534884	0.7674418604651163	0.875968992248062	1.6046511627906976		0.20930232558139536	0.6356589147286822	2.124031007751938	0.5891472868217055	0.6434108527131783		0.3953488372093023	0.35658914728682173	30.573643410852714	0.7131782945736435	0.46511627906976744	0.4883720930232558	
S2B16	251118_094	0.09734513274336283						0.17699115044247787		1.0176991150442478					0.5752212389380531		0.17699115044247787		0.3805309734513274	8.283185840707965	0.4690265486725664				3.0530973451327434	2.15929203539823	5.575221238938053		0.24778761061946902	0.5132743362831859	0.19469026548672566	0.7433628318584071		0.6017699115044248	0.26548672566371684	1.0	0.9026548672566371		0.19469026548672566	2.4424778761061945	0.48672566371681414	0.20353982300884957	0.2920353982300885	1.6283185840707965	0.4778761061946903	1.424778761061947		0.37168141592920356	0.672566371681416	0.8938053097345132	0.3805309734513274	1.2920353982300885	0.3008849557522124	0.2743362831858407	0.9823008849557522	1.0	0.46017699115044247	0.7168141592920354	0.3185840707964602	0.37168141592920356	0.4336283185840708	52.29203539823009	0.8495575221238938	0.30973451327433627	1.0	0.8761061946902655
S2B28	251118_095										0.2222222222222222				0.37962962962962965	0.16666666666666666	0.37037037037037035	0.5	0.8333333333333334	5.712962962962963	0.2037037037037037				4.462962962962963	2.925925925925926	6.824074074074074	0.48148148148148145	0.6759259259259259	0.39814814814814814	1.8425925925925926	1.9537037037037037			1.3888888888888888	1.0	0.9629629629629629		0.42592592592592593	6.138888888888889	0.4444444444444444		0.35185185185185186	0.7685185185185185	0.8703703703703703	5.472222222222222	0.25	0.9629629629629629	0.5740740740740741	0.5833333333333334		1.3518518518518519			0.9351851851851852	1.3518518518518519	0.6018518518518519	0.49074074074074076	0.37962962962962965		0.9537037037037037	40.074074074074076	0.3333333333333333	0.37037037037037035		2.3796296296296298
S4A33	251118_096				0.2077922077922078				0.2987012987012987	1.051948051948052				0.36363636363636365	0.6103896103896104		0.38961038961038963		0.2077922077922078	5.363636363636363	0.2597402597402597				5.935064935064935	0.6103896103896104	11.311688311688311	0.8441558441558441	0.6103896103896104	0.7662337662337663	0.8181818181818182	3.116883116883117		0.961038961038961	1.1818181818181819	1.0	0.7142857142857143	0.38961038961038963	0.3116883116883117	11.623376623376624	1.2727272727272727		0.6103896103896104	2.25974025974026	0.6753246753246753	4.181818181818182	0.2987012987012987	0.7922077922077922	0.37662337662337664	2.0259740259740258	0.7402597402597403	1.2467532467532467		0.6753246753246753	0.6233766233766234	1.6883116883116882	1.155844155844156	1.0129870129870129		1.4025974025974026	0.8961038961038961	25.558441558441558	0.948051948051948		0.7272727272727273	3.3506493506493507
S2B26	251118_097			0.19230769230769232			0.21153846153846154	0.18269230769230768	0.2403846153846154		0.16346153846153846			0.6346153846153846	0.9038461538461539	0.3173076923076923			0.4519230769230769	5.163461538461538			0.49038461538461536	0.18269230769230768	2.5	3.230769230769231	12.432692307692308	0.09615384615384616	0.9423076923076923	0.41346153846153844	3.1153846153846154	1.2019230769230769		1.0192307692307692	2.6923076923076925	1.0	1.2692307692307692	0.6153846153846154	1.8076923076923077	3.5	0.6153846153846154		1.7211538461538463	0.5096153846153846	0.4230769230769231	2.625	0.41346153846153844	0.5384615384615384	2.298076923076923	1.7980769230769231		0.9230769230769231	0.2980769230769231	0.2403846153846154	0.6442307692307693	2.6346153846153846	1.1826923076923077		0.4423076923076923		0.8942307692307693	30.576923076923077	1.3942307692307692	0.6826923076923077	0.6057692307692307	
S2B8	251118_098	0.13043478260869565												0.178743961352657	0.30434782608695654	0.11594202898550725				2.821256038647343		0.12560386473429952	0.10628019323671498		0.855072463768116	1.458937198067633	4.72463768115942	0.23671497584541062	0.2028985507246377	0.11594202898550725	1.0628019323671498	0.8792270531400966	0.09178743961352658	0.4975845410628019	0.9806763285024155	1.0	0.6328502415458938		0.3285024154589372	1.748792270531401	0.40096618357487923	0.12077294685990338	0.7342995169082126	0.7439613526570048		0.9710144927536232	0.34299516908212563	0.3864734299516908	0.21739130434782608	0.714975845410628		0.5845410628019324	0.18357487922705315	0.057971014492753624	0.4492753623188406	1.3429951690821256	0.38164251207729466	0.37681159420289856	0.0821256038647343	0.057971014492753624	0.391304347826087	22.801932367149757		0.3526570048309179	0.28502415458937197	0.37681159420289856
S2B7	251118_099		0.11409395973154363									0.04697986577181208		0.2080536912751678		0.4429530201342282		0.174496644295302	0.14093959731543623	3.879194630872483		0.18120805369127516		0.3825503355704698	2.053691275167785	2.38255033557047	4.8120805369127515		0.7114093959731543		1.1073825503355705	1.1140939597315436		0.3624161073825503	1.087248322147651	1.0	0.44966442953020136	0.1476510067114094	0.6845637583892618	1.7181208053691275		0.5436241610738255	1.2416107382550337	0.5234899328859061	0.5570469798657718	1.395973154362416		0.4563758389261745	0.8926174496644296		0.2080536912751678	0.9530201342281879			0.24161073825503357	1.8724832214765101	0.5973154362416108	0.3959731543624161	0.087248322147651	0.1610738255033557	0.5503355704697986	25.812080536912752	0.6375838926174496	0.24161073825503357		
S4A12	251118_100	0.16883116883116883	0.1038961038961039									0.11038961038961038	0.7597402597402597	0.525974025974026	0.5844155844155844				0.2922077922077922	1.9805194805194806				0.11688311688311688	1.3896103896103895	1.5129870129870129	3.3766233766233764	1.8831168831168832	0.2987012987012987		0.922077922077922	0.8051948051948052		0.2532467532467532	1.12987012987013	1.0	0.8246753246753247	0.09740259740259741	0.6558441558441559	4.246753246753247	0.525974025974026		0.7337662337662337	0.6233766233766234	0.8311688311688312	0.8441558441558441	0.34415584415584416	0.38961038961038963	0.24675324675324675	0.551948051948052	0.551948051948052	0.5			0.5324675324675324	1.2467532467532467	0.2987012987012987	0.37662337662337664	0.22727272727272727	0.45454545454545453	0.577922077922078	21.746753246753247	0.7597402597402597	0.2922077922077922	0.4155844155844156	
S2B10	251118_101									0.6024844720496895		0.19254658385093168								2.875776397515528		0.16770186335403728		0.14906832298136646	1.31055900621118	0.968944099378882	2.0062111801242235		0.18633540372670807			0.17391304347826086	0.11180124223602485		0.18012422360248448	1.0	0.37267080745341613	0.19875776397515527	0.2981366459627329	1.0869565217391304		0.15527950310559005	0.22981366459627328	0.5838509316770186	0.2360248447204969	0.2546583850931677		0.2360248447204969	0.16770186335403728	0.4906832298136646	0.13043478260869565	0.3167701863354037		0.11180124223602485		1.0124223602484472	0.16149068322981366	0.2795031055900621			0.37888198757763975	10.385093167701863	0.33540372670807456	0.546583850931677	0.4782608695652174	0.42857142857142855
S2B27	251118_102	0.08			1.41		0.22	0.14			0.16	0.17		0.25	0.6			0.24	0.33	3.6	0.13		0.41		0.99	2.62	13.47	0.52	0.88	0.61	2.88	1.28			2.72	1.0	1.07	0.25	0.53	2.33	0.63	0.67	1.75	1.02	1.29	1.29	0.84	1.1	1.0	1.64	0.7	0.67	0.77	0.27	0.64	2.92	1.19		0.35	0.23	0.52	29.83	1.35			0.78
S4A10	251118_103				0.07738095238095238				0.10714285714285714	0.2261904761904762	0.10714285714285714			0.09523809523809523	0.5			0.15476190476190477		1.0119047619047619			0.23214285714285715		1.5476190476190477	2.2023809523809526	2.136904761904762	0.30357142857142855	0.5833333333333334	0.09523809523809523	0.8630952380952381	1.3869047619047619	0.19047619047619047		1.1904761904761905	1.0	0.39880952380952384	0.13095238095238096	0.3869047619047619	1.6785714285714286	0.31547619047619047	0.1130952380952381	0.5773809523809523	0.35714285714285715	0.6488095238095238	1.369047619047619		0.3869047619047619	0.75	0.4880952380952381	0.1488095238095238	0.6904761904761905		0.17261904761904762	0.4583333333333333	1.3869047619047619	0.5952380952380952	0.3333333333333333	0.09523809523809523	0.30357142857142855	0.40476190476190477	18.232142857142858	0.21428571428571427	0.9226190476190477	0.2261904761904762	0.30952380952380953
S4A16	251118_104					0.2608695652173913	0.29347826086956524		0.20652173913043478					0.7065217391304348	0.358695652173913					3.489130434782609			0.20652173913043478		1.3369565217391304	2.967391304347826	5.054347826086956	0.2608695652173913	1.0434782608695652	0.2391304347826087	2.1630434782608696	0.5108695652173914	0.2826086956521739	0.4891304347826087	0.5108695652173914	1.0	0.8043478260869565	0.18478260869565216	0.1956521739130435	2.2934782608695654		0.31521739130434784	0.21739130434782608	2.0869565217391304	0.6521739130434783	1.1630434782608696	1.0	0.6521739130434783	0.7391304347826086	1.3043478260869565	0.8152173913043478	1.326086956521739	0.2717391304347826	0.358695652173913	0.8804347826086957	1.826086956521739	1.5869565217391304	0.8043478260869565	0.41304347826086957		0.967391304347826	15.380434782608695	0.6304347826086957	0.6195652173913043	0.8152173913043478	
S2B13	251118_105	0.048484848484848485		0.18181818181818182			0.11515151515151516	0.08484848484848485					0.09696969696969697			0.14545454545454545		0.18181818181818182	0.20606060606060606	3.121212121212121		0.1696969696969697	0.12727272727272726	0.12121212121212122	1.4848484848484849	1.2121212121212122	5.527272727272727		0.21212121212121213			0.5515151515151515	0.15151515151515152	0.10303030303030303		1.0	0.9515151515151515		0.48484848484848486	1.4424242424242424	0.26666666666666666	0.12121212121212122	0.9696969696969697	0.41818181818181815	0.3575757575757576	0.4666666666666667	0.10303030303030303	0.15757575757575756		0.703030303030303	0.44242424242424244	0.7878787878787878	0.18181818181818182	0.14545454545454545	0.2787878787878788	0.8121212121212121	0.43636363636363634	0.3575757575757576		0.08484848484848485	0.3090909090909091	11.557575757575757	0.6060606060606061	0.296969696969697		0.18787878787878787
S4A29	251118_106							0.25	0.2980769230769231			0.18269230769230768		0.38461538461538464				0.6153846153846154	0.33653846153846156	3.4423076923076925	0.15384615384615385	0.4807692307692308			2.8461538461538463	2.5961538461538463	6.134615384615385		0.2980769230769231	0.33653846153846156	0.9615384615384616	0.875	0.4423076923076923	0.3942307692307692	1.0096153846153846	1.0	0.8846153846153846	0.7019230769230769		5.240384615384615	0.5769230769230769	0.3173076923076923		0.9038461538461539	0.6634615384615384	1.3653846153846154	1.0288461538461537	0.4326923076923077	0.5384615384615384	1.1057692307692308	0.2403846153846154	0.8269230769230769	0.4807692307692308		0.5480769230769231	1.1442307692307692	0.75		0.33653846153846156	0.18269230769230768	0.9615384615384616	17.509615384615383	1.2403846153846154			1.2980769230769231
S2B1	251118_107	0.09659090909090909	0.21022727272727273					0.06818181818181818						0.11363636363636363	0.18181818181818182				0.17613636363636365	0.5340909090909091				0.11363636363636363	0.6534090909090909	1.6477272727272727	1.9715909090909092	0.13636363636363635	0.22727272727272727	0.10795454545454546				0.07386363636363637	0.10227272727272728	1.0	0.2897727272727273		0.3522727272727273	0.6079545454545454			0.5852272727272727	0.32386363636363635	0.1534090909090909	0.7045454545454546	0.19886363636363635	0.09659090909090909	0.39204545454545453	0.7329545454545454		0.8409090909090909				0.8125	0.48863636363636365	0.6079545454545454	0.42613636363636365		0.2897727272727273	4.323863636363637	0.4715909090909091			0.3465909090909091
S4A26	251118_108			0.0896551724137931	0.3793103448275862		0.13793103448275862	0.14482758620689656	0.08275862068965517		0.09655172413793103				0.296551724137931					2.0965517241379312			0.13793103448275862	0.1103448275862069	1.6482758620689655	1.4827586206896552	6.544827586206897	0.1103448275862069	0.7931034482758621		0.5862068965517241	0.896551724137931	0.18620689655172415	0.41379310344827586	0.4482758620689655	1.0	0.6068965517241379	0.10344827586206896	1.0275862068965518	1.0827586206896551	0.4068965517241379		1.2137931034482758	0.8758620689655172	0.5379310344827586	0.7586206896551724	0.2689655172413793	0.3310344827586207	0.32413793103448274	1.4344827586206896	0.3586206896551724	0.6275862068965518	0.14482758620689656	0.31724137931034485	0.21379310344827587	1.6482758620689655	0.503448275862069	0.22758620689655173	0.10344827586206896	0.14482758620689656	0.8344827586206897	15.089655172413794	0.5862068965517241		0.10344827586206896	0.5517241379310345
S2B30	251118_109		0.11940298507462686	0.11940298507462686	0.23880597014925373	1.2611940298507462												0.208955223880597	0.48507462686567165	8.522388059701493		0.22388059701492538		0.1417910447761194	3.029850746268657	2.1417910447761193	6.014925373134329	0.3358208955223881	0.47761194029850745	0.40298507462686567	0.8283582089552238	0.417910447761194	0.11940298507462686	0.21641791044776118		1.0	0.5746268656716418	0.208955223880597	0.14925373134328357	5.134328358208955	0.9104477611940298	0.14925373134328357	0.3805970149253731	1.0895522388059702	1.0895522388059702	3.1641791044776117	0.8283582089552238	1.3134328358208955	0.5597014925373134	0.8432835820895522	0.26119402985074625	0.8582089552238806	0.12686567164179105		0.35074626865671643	0.753731343283582	0.6940298507462687				0.7089552238805971	32.134328358208954	1.2164179104477613	0.29850746268656714	0.35074626865671643	2.0223880597014925
S2B23	251118_110				0.20869565217391303			0.10434782608695652				0.13043478260869565				0.17391304347826086			0.5304347826086957	4.060869565217391	0.1391304347826087				2.5478260869565217	1.5043478260869565	4.191304347826087	0.9217391304347826	0.33043478260869563	0.6521739130434783	0.3652173913043478	0.26956521739130435	0.1565217391304348	0.25217391304347825		1.0	0.808695652173913	0.16521739130434782	0.48695652173913045	2.382608695652174	0.9652173913043478	0.14782608695652175	0.4608695652173913	0.4608695652173913	0.5826086956521739	1.1304347826086956		0.4608695652173913	0.26956521739130435	1.191304347826087	0.3565217391304348	1.7304347826086957		0.1826086956521739	0.9478260869565217	1.1391304347826088	0.8695652173913043		0.1826086956521739	0.1565217391304348	0.5304347826086957	23.895652173913042	0.8347826086956521	0.3565217391304348	1.0608695652173914	0.5739130434782609
S4A1	251118_111						0.09420289855072464	0.15217391304347827			0.07971014492753623				0.15217391304347827		0.13768115942028986	0.2536231884057971	0.13768115942028986	1.036231884057971	0.08695652173913043		0.11594202898550725	0.08695652173913043	0.9492753623188406	2.6739130434782608	2.420289855072464		1.1159420289855073		0.6739130434782609	0.6739130434782609	0.12318840579710146		0.5217391304347826	1.0	0.6086956521739131		0.13043478260869565	0.7898550724637681	0.10144927536231885	0.15217391304347827	0.391304347826087	0.21014492753623187	0.2898550724637681	0.9420289855072463	0.2898550724637681	0.2463768115942029	0.09420289855072464	0.427536231884058	0.2826086956521739	0.782608695652174		0.41304347826086957	0.15942028985507245	0.7391304347826086	0.7971014492753623	0.3115942028985507	0.2391304347826087	0.3695652173913043	1.0724637681159421	10.898550724637682	1.4855072463768115	0.2608695652173913	0.4927536231884058	0.4420289855072464
S4A13	251118_112																																																																	
S4A11	251118_113		0.09174311926605505					0.1651376146788991	0.1559633027522936	0.3119266055045872	0.1834862385321101	0.12844036697247707		0.11926605504587157	0.7614678899082569		0.1743119266055046		0.5688073394495413			0.3853211009174312			1.4495412844036697	3.7981651376146788	7.431192660550459	0.24770642201834864	0.908256880733945	0.11009174311926606	1.2201834862385321	2.385321100917431	0.1743119266055046		0.9541284403669725	1.0	0.908256880733945	0.4954128440366973	1.2660550458715596	3.853211009174312	0.5412844036697247		1.4862385321100917	1.073394495412844	0.7798165137614679	1.4770642201834863	0.5229357798165137	0.4954128440366973		0.6972477064220184	0.5137614678899083	1.1926605504587156	0.5688073394495413		0.5321100917431193	2.146788990825688	0.926605504587156	0.5871559633027523	0.3853211009174312	0.8165137614678899	0.5779816513761468	30.871559633027523	0.7064220183486238	0.11009174311926606	0.1559633027522936	0.5688073394495413
S4A20	251118_114				0.43023255813953487		0.13953488372093023				0.08139534883720931		0.6976744186046512	0.5232558139534884	0.7325581395348837	0.3953488372093023		0.20930232558139536	0.6162790697674418		0.22093023255813954		0.313953488372093	0.22093023255813954	3.2790697674418605	2.1627906976744184	11.151162790697674	0.12790697674418605	0.813953488372093		1.441860465116279	1.2093023255813953	0.2441860465116279	1.0116279069767442	1.558139534883721	1.0	1.8837209302325582		0.18604651162790697	3.441860465116279			1.0930232558139534	1.9883720930232558	0.6046511627906976	0.7674418604651163		0.4186046511627907	2.058139534883721	1.313953488372093	0.6395348837209303	0.9186046511627907			0.6744186046511628	2.9186046511627906	0.4186046511627907	0.5232558139534884	1.0465116279069768	0.20930232558139536	0.8837209302325582	53.093023255813954	1.255813953488372			0.5465116279069767
S4A5	251118_115									1.0327868852459017			0.4918032786885246						0.5901639344262295	9.311475409836065		0.3114754098360656		0.2786885245901639	4.60655737704918	2.6721311475409837	7.868852459016393	0.2459016393442623	0.7704918032786885	0.26229508196721313	0.9672131147540983	1.3278688524590163		1.2295081967213115	0.45901639344262296	1.0	1.3442622950819672		0.4918032786885246	4.360655737704918	0.5245901639344263	0.39344262295081966	0.6065573770491803	2.540983606557377	0.6065573770491803	2.4262295081967213	0.32786885245901637	2.7868852459016393	0.6721311475409836	1.5245901639344261	0.8360655737704918	1.901639344262295	0.32786885245901637		1.6557377049180328	2.4098360655737703	1.0	0.5245901639344263		0.4262295081967213	1.7377049180327868	27.40983606557377	0.9180327868852459		1.639344262295082	0.3442622950819672
S4A23	251118_116		0.16842105263157894					0.11578947368421053				0.23157894736842105			0.9789473684210527		0.3157894736842105		0.4	3.2421052631578946	0.24210526315789474	0.5684210526315789	0.16842105263157894	0.4631578947368421	3.1157894736842104	3.536842105263158	4.3578947368421055		1.3789473684210527	0.43157894736842106	0.5894736842105263	1.063157894736842	0.18947368421052632	0.3894736842105263	0.5263157894736842	1.0	0.5684210526315789	0.21052631578947367	0.18947368421052632	3.7473684210526317	0.6947368421052632	0.18947368421052632	0.5157894736842106	0.4105263157894737		1.8631578947368421	0.7052631578947368	0.3368421052631579	0.5052631578947369	0.8526315789473684	0.30526315789473685	1.3263157894736841	0.24210526315789474	0.631578947368421	2.210526315789474	1.894736842105263	1.4	1.3789473684210527			1.168421052631579	20.54736842105263	1.1894736842105262	0.24210526315789474	0.4421052631578947	0.5684210526315789
S2B14	251118_117			0.08791208791208792								0.17582417582417584		0.5604395604395604						2.3516483516483517		0.2087912087912088			1.7472527472527473	3.4835164835164836	5.758241758241758		0.7692307692307693		0.13186813186813187	0.4835164835164835				1.0	0.37362637362637363		0.6043956043956044	3.3076923076923075		1.6263736263736264	0.4065934065934066	0.6153846153846154	0.5384615384615384	0.7472527472527473	0.14285714285714285		0.3076923076923077	0.6153846153846154	0.5604395604395604	0.6923076923076923		0.31868131868131866	0.6373626373626373	3.21978021978022	0.7142857142857143	0.46153846153846156			1.1538461538461537	14.307692307692308	1.2857142857142858	0.4175824175824176	0.18681318681318682	0.7032967032967034
S2B5	251118_118	0.05454545454545454						0.21818181818181817			0.05909090909090909		0.2636363636363636	0.15					0.08181818181818182	5.0227272727272725		0.08181818181818182	0.21818181818181817		1.8818181818181818	0.5909090909090909	2.9363636363636365	0.1409090909090909		0.2727272727272727		0.15		0.07727272727272727	0.10454545454545454	1.0	0.32727272727272727	0.06363636363636363	0.07727272727272727	1.35	0.30454545454545456			1.018181818181818	0.42272727272727273	1.5		0.55	0.2636363636363636	0.6409090909090909		0.7454545454545455	0.08181818181818182	0.20454545454545456	0.2318181818181818	1.0863636363636364	0.5636363636363636	0.22272727272727272	0.2772727272727273	0.06363636363636363	0.30454545454545456	32.88181818181818	0.5272727272727272	0.1409090909090909		0.2681818181818182
S4A17	251118_119		0.18823529411764706	0.24705882352941178	0.9294117647058824							0.2	0.32941176470588235		0.2	0.16470588235294117				4.2823529411764705	0.15294117647058825	0.16470588235294117	0.35294117647058826	0.9647058823529412	1.3411764705882352	3.447058823529412	6.564705882352941		0.4		0.8470588235294118	0.9764705882352941	0.18823529411764706		0.15294117647058825	1.0	0.5058823529411764	0.2	0.9882352941176471	4.4941176470588236	0.38823529411764707		2.070588235294118	0.7058823529411765	0.4235294117647059	1.0588235294117647	0.6470588235294118	0.7764705882352941	1.7294117647058824	0.47058823529411764	1.3529411764705883	1.3176470588235294	0.29411764705882354		0.3764705882352941	3.1882352941176473	1.0823529411764705	0.9176470588235294	0.6352941176470588	0.2	0.6235294117647059	21.152941176470588	1.6823529411764706	0.5411764705882353	0.6823529411764706	0.8470588235294118
S4A7	251118_120						0.09701492537313433	0.6268656716417911			0.06716417910447761				0.21641791044776118		0.08208955223880597	0.34328358208955223		3.544776119402985		0.44029850746268656	0.1791044776119403		2.2611940298507465	2.3507462686567164	5.5		0.6791044776119403	0.29850746268656714	0.9402985074626866	0.3283582089552239	0.16417910447761194	0.07462686567164178	0.26119402985074625	1.0	0.26119402985074625	0.19402985074626866	0.6716417910447762	1.5746268656716418	0.43283582089552236	0.14925373134328357	1.1119402985074627	1.291044776119403	0.753731343283582	1.2835820895522387	0.20149253731343283	0.6716417910447762	0.5597014925373134	0.7835820895522388	0.6492537313432836	1.4104477611940298	0.13432835820895522	0.44776119402985076	0.5597014925373134	2.0074626865671643	1.007462686567164	0.6268656716417911	0.4701492537313433	0.3880597014925373	1.0	31.15671641791045	1.2611940298507462	0.12686567164179105	0.3208955223880597	0.5522388059701493
S2B20	251118_121		1.375		1.0				1.25					1.25			1.25	5.625			0.9375				2.25			1.125	1.6875				1.75		2.5	1.0	2.3125	1.3125			1.4375	1.6875	1.4375	0.625		1.5625		1.1875		0.625					2.9375		4.125	0.9375	0.75	1.5	1.125	3.75	1.4375	1.875	2.0	3.125
S4A30	251118_122			0.19444444444444445	0.1388888888888889		0.10416666666666667	0.4583333333333333	0.2222222222222222	0.4583333333333333				0.1736111111111111	0.4027777777777778			0.2152777777777778	0.4513888888888889	4.041666666666667	0.13194444444444445	0.1597222222222222	0.1527777777777778		1.9097222222222223	1.7916666666666667	5.263888888888889		0.3125		0.8333333333333334	0.9375		1.1944444444444444		1.0	0.4097222222222222	0.125		4.236111111111111	0.6736111111111112	0.13194444444444445	0.2152777777777778	1.1319444444444444	1.4236111111111112	1.7222222222222223	0.16666666666666666	0.5694444444444444	0.6666666666666666	0.8958333333333334	0.1875	0.7152777777777778	0.1736111111111111	0.2361111111111111	0.3472222222222222	2.2708333333333335	0.5763888888888888	0.9861111111111112	0.125	0.1527777777777778	1.2847222222222223	30.21527777777778	0.9652777777777778	0.2777777777777778	1.2777777777777777	2.451388888888889
S2B3	251118_123				0.4931506849315068	1.1232876712328768	0.1917808219178082		0.2054794520547945							0.2465753424657534		0.1780821917808219	0.3972602739726027	5.671232876712328		0.4383561643835616	0.2602739726027397		3.5205479452054793	1.8767123287671232	4.561643835616438	0.4657534246575342	1.178082191780822		0.2602739726027397	1.095890410958904			0.2191780821917808	1.0	0.8904109589041096	0.2465753424657534		2.1232876712328768	0.7397260273972602		1.9863013698630136	1.643835616438356		0.8767123287671232	0.2465753424657534		0.2876712328767123	1.3835616438356164		0.8904109589041096			1.2602739726027397	1.0136986301369864	0.9863013698630136	1.0136986301369864		0.273972602739726	1.273972602739726	49.12328767123287	1.1506849315068493	0.3698630136986301	0.3972602739726027	
S2B35	251118_124	0.20652173913043478				1.391304347826087	0.22826086956521738	0.20652173913043478		0.41304347826086957				0.44565217391304346	0.14130434782608695					1.5108695652173914	0.20652173913043478		0.11956521739130435	0.1956521739130435	1.5543478260869565	1.7391304347826086	1.6630434782608696	0.17391304347826086	0.6521739130434783	0.22826086956521738		0.25	0.20652173913043478	0.30434782608695654	0.1956521739130435	1.0	0.6413043478260869		0.29347826086956524	2.467391304347826	0.8913043478260869		1.3478260869565217	0.9347826086956522	7.8478260869565215	36.40217391304348		10.597826086956522			0.4782608695652174	2.097826086956522	0.32608695652173914		0.33695652173913043	2.532608695652174	2.5869565217391304	1.0108695652173914		0.5217391304347826		16.097826086956523	0.7282608695652174	0.391304347826087		0.6195652173913043
S2B31	251118_125						0.11510791366906475			0.8633093525179856					0.15827338129496402				0.4748201438848921	8.02158273381295	0.1079136690647482	0.12949640287769784	0.2805755395683453		2.6258992805755397	2.431654676258993	7.366906474820144	0.4460431654676259	0.2949640287769784	0.6762589928057554	0.9280575539568345	0.8633093525179856		0.38848920863309355	0.9712230215827338	1.0	0.5467625899280576			9.381294964028777	0.7050359712230215		0.33093525179856115	1.064748201438849	0.841726618705036	3.5611510791366907	0.6187050359712231	1.4172661870503598	0.6402877697841727	0.7482014388489209	0.5035971223021583	1.2877697841726619	0.2158273381294964	0.2517985611510791	0.4892086330935252	1.8273381294964028	1.316546762589928	0.302158273381295	0.45323741007194246	0.6330935251798561	1.1366906474820144	38.856115107913666	1.0287769784172662	0.33093525179856115		2.5179856115107913
S4A8	251118_126		0.08187134502923976		0.09941520467836257	0.13450292397660818					0.08771929824561403	0.06432748538011696			0.6608187134502924			0.32748538011695905	0.08771929824561403	2.1169590643274856	0.05847953216374269			0.1286549707602339	3.573099415204678	3.783625730994152	4.035087719298246	0.34502923976608185		0.19883040935672514	1.4619883040935673	0.30994152046783624	0.05847953216374269		0.391812865497076	1.0	0.847953216374269		1.263157894736842	3.1578947368421053	0.3508771929824561		0.8654970760233918	0.47953216374269003	0.34502923976608185	1.7660818713450293	0.32748538011695905	0.8654970760233918	0.6783625730994152	0.7368421052631579	0.09941520467836257	0.9649122807017544	0.14619883040935672			1.590643274853801	0.32748538011695905		0.29239766081871343	0.14035087719298245	0.6432748538011696	30.31578947368421	0.7777777777777778	0.23391812865497075	0.24561403508771928	0.8070175438596491
S4A27	251118_127	0.07253886010362694			0.3005181347150259		0.08290155440414508	0.12953367875647667	0.08808290155440414		0.11917098445595854		0.22279792746113988	0.11398963730569948	0.39378238341968913		0.10362694300518134	0.19170984455958548		1.1295336787564767		0.15544041450777202		0.09326424870466321	0.6062176165803109	1.4922279792746114	4.435233160621761	0.24870466321243523	0.22279792746113988		0.48186528497409326	0.5854922279792746			0.5647668393782384	1.0	0.48704663212435234		0.5233160621761658	1.160621761658031	0.31088082901554404		0.6528497409326425	0.27461139896373055		0.44559585492227977	0.12435233160621761	0.3160621761658031	0.33678756476683935	0.7875647668393783	0.45077720207253885	0.39378238341968913	0.11398963730569948	0.18134715025906736	0.35233160621761656	1.2642487046632125	0.7979274611398963	0.3626943005181347	0.8134715025906736	0.11917098445595854	0.18134715025906736	6.590673575129534	0.21761658031088082	0.11398963730569948	0.19170984455958548	0.33678756476683935
S2B12	251118_128							0.2631578947368421			0.17894736842105263			0.24210526315789474					0.8736842105263158	3.9263157894736844	0.16842105263157894	0.3263157894736842		0.25263157894736843	3.042105263157895	3.3473684210526318	8.273684210526316	0.2631578947368421	0.8315789473684211	0.7578947368421053	0.8315789473684211	0.631578947368421	0.21052631578947367	0.25263157894736843	0.16842105263157894	1.0	1.6842105263157894		0.6736842105263158	1.9052631578947368	0.3368421052631579		1.3894736842105264	0.7368421052631579	0.5368421052631579	1.0105263157894737		0.25263157894736843		0.7052631578947368		1.168421052631579			1.0	2.6526315789473682	0.6210526315789474	0.6842105263157895	0.9789473684210527	0.17894736842105263	0.7263157894736842	24.53684210526316	1.0105263157894737	0.3263157894736842		0.6526315789473685
S4A18	251118_129		0.027777777777777776	0.11507936507936507				0.0873015873015873				0.13095238095238096							0.11904761904761904	2.234126984126984	0.10317460317460317	0.1388888888888889			1.003968253968254	1.3571428571428572	2.7182539682539684	0.3611111111111111	0.3611111111111111	0.0873015873015873	0.6150793650793651	0.7579365079365079	0.09523809523809523	0.0873015873015873	0.4007936507936508	1.0	0.38095238095238093		0.13095238095238096	1.3968253968253967	0.35714285714285715	0.20634920634920634	1.3968253968253967	0.34523809523809523	0.19047619047619047	0.45634920634920634	0.38492063492063494		0.2857142857142857	0.3412698412698413	0.2976190476190476	0.3055555555555556	0.11507936507936507	0.09126984126984126	0.21031746031746032	1.3214285714285714	0.1984126984126984	0.42063492063492064		0.15476190476190477	0.5674603174603174	19.238095238095237	0.19047619047619047		0.28174603174603174	0.3253968253968254
S4A25	251118_130			0.07731958762886598	0.07216494845360824				0.10309278350515463		0.07216494845360824							0.27835051546391754	0.05670103092783505	2.077319587628866				0.14432989690721648	1.541237113402062	2.350515463917526	3.0309278350515463	0.6907216494845361	0.18041237113402062	0.33505154639175255	1.092783505154639	0.3865979381443299	0.19072164948453607	0.31443298969072164	0.41237113402061853	1.0	0.7268041237113402		0.30927835051546393	0.9381443298969072	0.26804123711340205	0.23195876288659795	1.134020618556701	0.6030927835051546	0.27835051546391754	0.5154639175257731		0.27835051546391754	0.22164948453608246	0.7164948453608248	0.19072164948453607	0.6237113402061856	0.13402061855670103	0.13402061855670103	0.3247422680412371	1.1649484536082475	0.27835051546391754	0.3711340206185567	0.14948453608247422	0.14948453608247422	0.23711340206185566	16.45360824742268	1.0103092783505154	0.20103092783505155	0.27835051546391754	0.4690721649484536
S4A28	251118_131	0.08461538461538462	0.023076923076923078	0.09230769230769231	0.47692307692307695		0.09230769230769231	0.07692307692307693				0.09230769230769231	0.7	0.4307692307692308			0.1076923076923077	0.5846153846153846		4.838461538461538			0.2230769230769231		1.9230769230769231	1.1	8.069230769230769		0.4076923076923077	0.09230769230769231	0.8923076923076924	0.7384615384615385		0.3923076923076923	0.5076923076923077	1.0	0.5153846153846153	0.08461538461538462	0.3	6.176923076923077			0.4846153846153846	0.35384615384615387	0.2846153846153846	0.8461538461538461	0.4846153846153846	0.3153846153846154	0.8538461538461538	1.2538461538461538		0.5923076923076923	0.2153846153846154	0.3153846153846154	0.7461538461538462	1.9923076923076923	1.5769230769230769	0.5	0.23076923076923078	0.14615384615384616	0.27692307692307694	12.438461538461539	0.5230769230769231			2.669230769230769
S4A6	251118_132	0.168								0.328		0.088	0.928				0.112	0.384		3.872					2.312	2.12	4.512	2.088	0.864	0.128	1.472	0.44		0.224	1.496	1.0	0.536		0.712	2.824	0.328	0.112	1.072	2.352	0.376	1.912	0.16	0.328	0.44	1.08		1.144	0.16	0.144	0.896	2.096	1.112	0.568	0.32	0.112	0.288	19.488	1.68	0.304	0.528	0.608
S4A38	251118_133		0.14705882352941177			0.5784313725490197	0.10784313725490197								0.5490196078431373		0.20588235294117646			5.068627450980392		0.10784313725490197	0.4019607843137255		0.5294117647058824	3.1862745098039214	10.666666666666666	0.6176470588235294	0.8627450980392157		2.1862745098039214	0.9313725490196079		0.5686274509803921	1.7941176470588236	1.0	0.9509803921568627	0.21568627450980393	1.392156862745098	2.3529411764705883	0.4411764705882353	0.18627450980392157	2.049019607843137	1.5490196078431373	0.3627450980392157	2.0980392156862746	0.0784313725490196	0.49019607843137253	0.37254901960784315	1.3431372549019607	0.7450980392156863	2.196078431372549		0.24509803921568626	0.4019607843137255	3.823529411764706	1.4705882352941178	0.6568627450980392	1.2450980392156863	0.22549019607843138	0.6274509803921569	48.76470588235294	1.3725490196078431	0.4215686274509804		0.6568627450980392
S2B33	251118_134								0.09375										0.13839285714285715	4.834821428571429			0.36607142857142855		2.09375	0.12053571428571429	5.21875	0.16964285714285715	0.38392857142857145	0.3392857142857143	0.24107142857142858	0.41964285714285715		0.2857142857142857		1.0	0.29910714285714285		0.26339285714285715	4.776785714285714	0.3705357142857143	0.23214285714285715	0.19196428571428573	0.8392857142857143	0.6339285714285714	2.9330357142857144	0.24553571428571427	1.09375	0.16964285714285715	0.8035714285714286	0.33035714285714285	1.1383928571428572	0.08035714285714286	0.33035714285714285	0.24107142857142858	1.2946428571428572	0.5089285714285714	0.6116071428571429	0.20089285714285715		0.4375	24.75	0.65625	0.09375	0.25	2.732142857142857
S2B38	251118_135				0.19047619047619047	1.3492063492063493		0.10317460317460317		0.4365079365079365					0.49206349206349204			0.30158730158730157	0.35714285714285715	2.492063492063492			0.14285714285714285	0.2222222222222222	1.119047619047619	2.0555555555555554	6.857142857142857	0.0873015873015873	0.30952380952380953	0.5158730158730159	1.0952380952380953	0.47619047619047616	0.14285714285714285		0.8253968253968254	1.0	0.8412698412698413		0.6031746031746031	2.9126984126984126	0.6746031746031746	0.42063492063492064	3.4206349206349205	0.6507936507936508	1.0793650793650793	0.746031746031746	0.3253968253968254	0.5555555555555556	0.2698412698412698	0.9047619047619048	0.873015873015873	1.9523809523809523		0.15079365079365079	0.5476190476190477	3.373015873015873	0.8809523809523809		0.5158730158730159		0.5	35.03174603174603	1.6666666666666667	0.42063492063492064	0.5555555555555556	0.6507936507936508
S4A19	251118_136						0.09523809523809523	0.23809523809523808		0.780952380952381			0.5047619047619047		1.1714285714285715			0.2761904761904762		6.838095238095238	0.20952380952380953				2.914285714285714	0.7714285714285715	6.219047619047619	0.4			0.08571428571428572	0.44761904761904764	0.11428571428571428	0.17142857142857143	0.10476190476190476	1.0	0.5428571428571428		0.9619047619047619	1.9142857142857144		0.20952380952380953	0.7714285714285715	1.2190476190476192	2.7142857142857144	3.980952380952381	0.38095238095238093	0.9428571428571428		0.6952380952380952	0.8857142857142857	1.3523809523809525		0.6761904761904762	0.5428571428571428	2.8095238095238093	0.9714285714285714	0.29523809523809524		0.17142857142857143	0.7047619047619048	26.704761904761906	1.9142857142857144	0.49523809523809526	0.6	0.580952380952381
S2B36	251118_137	0.037383177570093455	0.09345794392523364	0.028037383177570093				0.04672897196261682		0.397196261682243	0.0514018691588785	0.07009345794392523			0.3691588785046729	0.1261682242990654			0.08878504672897196	0.9906542056074766					0.9719626168224299	0.7710280373831776	3.2383177570093458	0.26635514018691586	0.1261682242990654		0.7990654205607477	0.21962616822429906		0.40186915887850466	0.26635514018691586	1.0	0.7476635514018691	0.056074766355140186	0.35046728971962615	0.40186915887850466	0.4439252336448598		0.9485981308411215	0.3644859813084112	0.34579439252336447	0.5373831775700935	0.1542056074766355			0.7289719626168224	0.29906542056074764	0.5	0.397196261682243	0.14953271028037382	0.2616822429906542	1.7102803738317758	0.4158878504672897				0.7523364485981309	10.042056074766355	0.17757009345794392	0.205607476635514	0.205607476635514	0.2102803738317757
S4A21	251118_138		0.11258278145695365	0.033112582781456956		0.5033112582781457		0.1986754966887417	0.08609271523178808	0.3443708609271523	0.059602649006622516				0.543046357615894	0.2251655629139073		0.6357615894039735	0.2052980132450331	3.4635761589403975	0.07947019867549669			0.06622516556291391	2.185430463576159	0.2582781456953642	2.9735099337748343	0.09271523178807947	0.24503311258278146		0.07947019867549669			0.5231788079470199	0.09271523178807947	1.0	0.2185430463576159	0.08609271523178808		0.7947019867549668			0.31125827814569534	0.8211920529801324	0.8079470198675497	1.7615894039735098	0.1456953642384106	0.6357615894039735		1.1721854304635762	0.8344370860927153	1.9801324503311257		0.17218543046357615	0.4900662251655629	1.8476821192052981	1.0198675496688743	0.6688741721854304		0.2119205298013245	0.4304635761589404	31.94701986754967	0.8609271523178808	0.2185430463576159	0.39072847682119205	0.26490066225165565
S4A31	251118_139		0.168		0.448			0.12	0.128		0.136		1.44	0.656		0.344		0.456	0.832	5.408		0.416	0.616	0.376	4.296	2.976	7.496		0.424	0.512	1.64	1.208		0.224	1.032	1.0	0.776			8.32	0.264	0.32	0.808	1.256	0.392	4.44	0.28	1.464	0.992	0.624	0.232	1.088	0.152		0.328	2.808	0.744	0.448	0.872		0.672	105.304	1.8	0.264	0.128	1.64
S2B25	251118_140					0.4206896551724138		0.04827586206896552			0.11724137931034483			0.5379310344827586		0.47586206896551725	0.1103448275862069		0.15862068965517243	2.4482758620689653					1.4620689655172414	0.18620689655172415	1.889655172413793	0.35172413793103446	0.3793103448275862		0.19310344827586207		0.1724137931034483			1.0	0.1793103448275862		0.4827586206896552	0.15172413793103448	0.5448275862068965	0.09655172413793103	0.8896551724137931	0.45517241379310347	1.013793103448276	1.806896551724138	0.027586206896551724	0.5310344827586206		0.6068965517241379	0.23448275862068965	0.6689655172413793		0.5103448275862069	0.6413793103448275	1.7241379310344827	0.5586206896551724	1.1241379310344828	0.06896551724137931		0.2413793103448276	19.46206896551724	0.6896551724137931	0.6413793103448275	0.36551724137931035	0.3793103448275862
S4A14	251118_141	0.12121212121212122		0.12121212121212122	0.20202020202020202							0.16161616161616163		0.3333333333333333	0.3434343434343434	0.09090909090909091	0.25252525252525254	0.2222222222222222		2.0505050505050506		0.45454545454545453	0.5050505050505051	0.13131313131313133	0.7373737373737373	2.696969696969697	7.878787878787879	0.696969696969697	1.0101010101010102		1.6666666666666667	1.0505050505050506	0.1919191919191919		1.0101010101010102	1.0	0.5959595959595959		0.46464646464646464	8.05050505050505	0.8383838383838383	0.3333333333333333	1.3232323232323233	0.8484848484848485	0.7878787878787878	0.7272727272727273	0.15151515151515152	0.7373737373737373	0.42424242424242425	0.40404040404040403	0.4444444444444444	1.696969696969697	0.6161616161616161		0.9292929292929293	2.6363636363636362	1.1111111111111112	0.43434343434343436	0.48484848484848486	0.18181818181818182	0.6464646464646465	24.585858585858585	1.4343434343434343	0.696969696969697	0.37373737373737376	0.7575757575757576
S4A15	251118_142		0.2777777777777778	0.0763888888888889					0.1388888888888889	0.24305555555555555		0.11805555555555555				0.3055555555555556		0.3611111111111111	0.09027777777777778	3.9583333333333335					1.75	0.6458333333333334	4.902777777777778	0.09027777777777778	0.3472222222222222	0.3958333333333333	0.3819444444444444	0.6111111111111112			0.1111111111111111	1.0	0.4722222222222222		0.1111111111111111	3.0972222222222223	0.3541666666666667	0.8263888888888888	0.4930555555555556	0.5972222222222222	1.1944444444444444	1.9375	0.2708333333333333	0.4513888888888889	0.3680555555555556	0.5763888888888888	0.2569444444444444	0.9305555555555556		0.625	0.6736111111111112	2.6458333333333335	0.5208333333333334		0.3055555555555556	0.3541666666666667	0.7222222222222222	16.76388888888889	1.2013888888888888	0.375	0.3402777777777778	0.6111111111111112
S4A36	251118_143				0.5714285714285714							0.10526315789473684	1.0	0.07518796992481203		0.42857142857142855		0.7744360902255639	0.41353383458646614	1.8045112781954886	0.06766917293233082	0.17293233082706766			1.6165413533834587	3.9022556390977443	4.112781954887218	0.12781954887218044	0.556390977443609	0.45864661654135336	0.8045112781954887	0.42857142857142855	0.06015037593984962		0.3233082706766917	1.0	1.406015037593985	0.22556390977443608	0.6240601503759399	1.1879699248120301	0.18045112781954886		1.4962406015037595	1.2030075187969924	0.39097744360902253	1.4285714285714286		0.6466165413533834		1.1578947368421053	0.518796992481203	1.586466165413534		0.10526315789473684	0.6466165413533834	1.2330827067669172	0.38345864661654133	0.7443609022556391	0.21804511278195488	0.10526315789473684	0.6541353383458647	20.81203007518797	0.7443609022556391		0.2857142857142857	0.5864661654135338
S2B21	251118_144	0.23076923076923078			0.2					0.676923076923077		0.2		0.038461538461538464	0.46923076923076923	0.14615384615384616	0.06153846153846154	0.7076923076923077	1.0923076923076922	7.138461538461539	0.13846153846153847		0.9307692307692308	0.12307692307692308	1.853846153846154	3.9846153846153847	10.669230769230769	0.4307692307692308	0.33076923076923076		2.123076923076923	0.9153846153846154		0.5153846153846153	1.2230769230769232	1.0	1.0384615384615385	0.3769230769230769	0.4076923076923077	2.9846153846153847		0.14615384615384616	1.1307692307692307	1.176923076923077	0.6538461538461539	2.669230769230769	0.36923076923076925	0.8076923076923077	1.4153846153846155	0.9538461538461539	0.4307692307692308	0.6538461538461539	0.4846153846153846	0.35384615384615387	0.47692307692307695	3.423076923076923	0.5846153846153846	0.5	0.6461538461538462	0.6076923076923076	0.5692307692307692	82.25384615384615	0.8	0.8076923076923077	0.36923076923076925	0.7384615384615385
S2B18	251118_145			0.1566265060240964					0.1566265060240964						0.39759036144578314		0.1686746987951807			7.493975903614458		0.5180722891566265		0.14457831325301204	2.783132530120482	2.2289156626506026	11.771084337349398		0.6626506024096386	0.18072289156626506	2.9879518072289155	1.927710843373494	0.12048192771084337		3.2650602409638556	1.0	1.0963855421686748		0.8072289156626506	3.180722891566265		0.39759036144578314	2.036144578313253	1.0240963855421688	0.9397590361445783	2.0240963855421685	0.42168674698795183	0.8795180722891566	0.6987951807228916	1.2289156626506024	0.6024096385542169	1.5903614457831325		0.3614457831325301	1.0	3.3373493975903616	1.3734939759036144	1.6265060240963856	0.9759036144578314	0.4819277108433735	1.4819277108433735	77.89156626506023	1.2409638554216869	0.8795180722891566	0.6626506024096386	0.3253012048192771
S4A37	251118_146	0.047619047619047616					0.031746031746031744	0.10714285714285714	0.24206349206349206		0.09523809523809523				0.24206349206349206	0.4087301587301587		0.40476190476190477	0.09126984126984126	2.123015873015873					1.4682539682539681	0.25	2.7817460317460316		0.6111111111111112	0.12301587301587301	0.2698412698412698	0.17857142857142858	0.1388888888888889	0.20634920634920634	0.10714285714285714	1.0	0.5079365079365079		0.5	0.8373015873015873	0.3373015873015873	0.06746031746031746	0.75	0.6111111111111112	0.8333333333333334	1.2301587301587302	0.09523809523809523	0.373015873015873	0.26587301587301587	0.8333333333333334	0.31746031746031744	0.3611111111111111	0.06349206349206349	0.25793650793650796	0.2261904761904762	1.2817460317460319	0.42063492063492064	0.23412698412698413	0.15873015873015872	0.05952380952380952	0.27380952380952384	24.19047619047619	0.8968253968253969	0.31746031746031744		0.2698412698412698
S2B24	251118_147	0.07614213197969544	0.06598984771573604					0.06091370558375635					0.7868020304568528		0.5329949238578681	0.49746192893401014			0.10152284263959391	2.7918781725888326		0.07106598984771574		0.06598984771573604	1.0101522842639594	1.0456852791878173	3.979695431472081	0.20812182741116753	0.4263959390862944	0.18781725888324874	0.4365482233502538	0.14213197969543148		0.3248730964467005		1.0	0.34517766497461927	0.07106598984771574		1.1725888324873097	0.15736040609137056		0.9695431472081218	0.43147208121827413	0.5888324873096447	0.7969543147208121	0.23857868020304568			0.45685279187817257	0.3197969543147208	1.0862944162436547			0.27411167512690354	1.3248730964467006	0.5076142131979695			0.1116751269035533	0.38071065989847713	14.548223350253807	0.6142131979695431		0.39593908629441626	0.37055837563451777
S2B6	251118_148		0.23770491803278687						0.09836065573770492	0.6967213114754098		0.36885245901639346		0.3770491803278688	0.22950819672131148	0.5		0.4344262295081967		11.950819672131148			0.1557377049180328	0.13114754098360656	1.7540983606557377	0.7786885245901639	4.942622950819672	0.3114754098360656		0.5491803278688525		0.13934426229508196	0.11475409836065574	0.11475409836065574	0.06557377049180328	1.0	0.4016393442622951	0.1721311475409836	0.45081967213114754	0.8852459016393442	0.6229508196721312	0.10655737704918032	0.6147540983606558	1.4508196721311475	1.8032786885245902	5.762295081967213	0.14754098360655737	0.819672131147541	0.7049180327868853	0.5819672131147541		1.9672131147540983	0.2540983606557377	0.8114754098360656	0.8688524590163934	1.1557377049180328	0.819672131147541	0.6065573770491803	0.6229508196721312	0.07377049180327869	0.28688524590163933	99.3360655737705	1.3688524590163935	0.5409836065573771	0.5983606557377049	1.0327868852459017
S4A22	251118_149		0.046153846153846156		0.12307692307692308			0.23846153846153847			0.1076923076923077				0.24615384615384617			0.26153846153846155	0.2923076923076923	1.7615384615384615	0.05384615384615385	0.2	0.38461538461538464	0.2	0.9923076923076923	3.3076923076923075	4.6923076923076925	0.2923076923076923	1.023076923076923	0.12307692307692308	0.5538461538461539	0.36153846153846153	0.09230769230769231		0.16153846153846155	1.0	0.9153846153846154		0.5538461538461539	2.6	0.2		0.5846153846153846	0.36923076923076925	0.7076923076923077	0.7923076923076923	0.34615384615384615	0.2846153846153846		0.5076923076923077	0.19230769230769232	1.2538461538461538	0.43846153846153846	0.2846153846153846	0.6538461538461539	1.523076923076923	0.9615384615384616	0.6615384615384615	0.2230769230769231	0.2076923076923077	0.16923076923076924	13.123076923076923	0.8307692307692308	0.49230769230769234		0.8
S2B29	251118_150			0.021929824561403508							0.05263157894736842	0.07456140350877193		0.19298245614035087	0.4956140350877193				0.2631578947368421	2.982456140350877	0.07017543859649122				1.4385964912280702	0.19736842105263158	4.421052631578948	0.2719298245614035	0.2236842105263158	0.2236842105263158	0.2982456140350877	0.23684210526315788	0.04824561403508772	0.14035087719298245	0.06578947368421052	1.0	0.5394736842105263			4.381578947368421	0.49122807017543857	0.08333333333333333	0.34210526315789475	0.39473684210526316	0.9780701754385965	3.1096491228070176	0.13157894736842105	0.793859649122807	0.4868421052631579	0.5964912280701754	0.14035087719298245	0.9035087719298246		0.3201754385964912	0.3684210526315789	0.9868421052631579	0.6622807017543859		0.39035087719298245		0.9122807017543859	19.42105263157895	0.6754385964912281	0.3333333333333333	0.4517543859649123	1.8114035087719298
S2B37	251118_151							0.3898305084745763	0.423728813559322		0.2542372881355932			0.23728813559322035	0.847457627118644	1.2542372881355932		0.5423728813559322	0.864406779661017	5.88135593220339			1.0		4.52542372881356	6.067796610169491	9.254237288135593	0.3220338983050847	1.9322033898305084	0.7966101694915254	1.9322033898305084	0.423728813559322		1.8305084745762712	2.23728813559322	1.0	1.5423728813559323		1.88135593220339	1.9152542372881356	1.0169491525423728	0.3898305084745763	4.237288135593221		1.4576271186440677	1.8644067796610169	0.4406779661016949	0.847457627118644	0.9491525423728814	2.4915254237288136	1.2203389830508475	2.830508474576271	0.6271186440677966	0.3050847457627119	1.271186440677966	4.0	0.9830508474576272	1.3898305084745763	0.7966101694915254	1.1355932203389831	1.0847457627118644	48.25423728813559	1.3898305084745763	1.1864406779661016	1.0	1.0847457627118644
S4A34	251118_152				0.21428571428571427				0.11904761904761904	0.5059523809523809	0.07142857142857142						0.15476190476190477	0.11904761904761904		0.6726190476190477	0.08333333333333333	0.1130952380952381	0.2261904761904762		0.7738095238095238	1.5833333333333333	2.6011904761904763		0.375		0.4880952380952381	0.4166666666666667	0.13095238095238096	0.16071428571428573	0.22023809523809523	1.0	0.9940476190476191	0.08333333333333333	0.25595238095238093	1.5595238095238095	0.30357142857142855		0.6130952380952381	0.47619047619047616	0.23809523809523808	0.4642857142857143	0.42857142857142855	0.17261904761904762	0.6547619047619048	0.8392857142857143	0.21428571428571427	0.7142857142857143		0.13690476190476192	0.4583333333333333	0.9880952380952381	0.5535714285714286	0.27380952380952384	0.5297619047619048	0.10119047619047619	0.13095238095238096	10.06547619047619	0.44642857142857145	0.20833333333333334	0.25595238095238093	0.36904761904761907
S2B22	251118_153			0.09259259259259259	0.05555555555555555	0.18518518518518517	0.09876543209876543	0.08641975308641975				0.08024691358024691		0.1111111111111111						0.8148148148148148				0.14814814814814814	0.41358024691358025	0.9691358024691358	0.36419753086419754		0.48148148148148145				0.13580246913580246	0.15432098765432098	0.16049382716049382	1.0	1.0061728395061729		0.09876543209876543	0.6049382716049383	0.16666666666666666	0.08641975308641975	0.2037037037037037	0.16666666666666666			0.15432098765432098		0.14814814814814814		0.20987654320987653	0.9012345679012346	0.09876543209876543	0.10493827160493827		0.3333333333333333	0.36419753086419754	0.46296296296296297	0.25925925925925924	0.20987654320987653		5.388888888888889	0.6419753086419753	0.25925925925925924	0.41975308641975306	0.37037037037037035
S2B32	251118_154	0.09166666666666666						0.09166666666666666	0.07083333333333333			0.0625			0.37916666666666665			0.6666666666666666	0.1375	4.683333333333334	0.15	0.25		0.08333333333333333	1.5916666666666666	0.4	3.7083333333333335	0.175	0.48333333333333334	0.2875		0.325	0.06666666666666667	0.49583333333333335		1.0	0.3875	0.075	0.29583333333333334	4.083333333333333	0.35	0.11666666666666667	0.3458333333333333	1.0708333333333333	1.125	2.0458333333333334		0.6333333333333333		0.2708333333333333	0.3333333333333333	0.7625	0.03333333333333333	0.275	0.4166666666666667	1.1583333333333334	0.4625	0.275	0.22916666666666666	0.26666666666666666	0.37083333333333335	29.283333333333335	0.7666666666666667	0.2	0.4583333333333333	1.9
S2B34	251118_155		0.06896551724137931		0.2206896551724138							0.1103448275862069		0.12413793103448276					0.42758620689655175	1.289655172413793			0.7241379310344828		0.42758620689655175	2.117241379310345	6.337931034482758	0.5793103448275863	0.2413793103448276	0.2689655172413793	1.8206896551724139			0.32413793103448274	0.9448275862068966	1.0	1.296551724137931	0.1724137931034483	0.5310344827586206	0.8620689655172413	0.5103448275862069	0.22758620689655173	1.5241379310344827	0.47586206896551725	0.6344827586206897	0.5793103448275863		0.2413793103448276	1.206896551724138	0.8344827586206897		0.8344827586206897	0.18620689655172415		0.30344827586206896	2.3241379310344827	1.0275862068965518	0.8827586206896552	0.5103448275862069		0.7103448275862069	8.36551724137931	0.6206896551724138		0.3931034482758621	0.42758620689655175
S2B4	251118_156	0.031055900621118012					0.09316770186335403	0.13664596273291926				0.08695652173913043	0.4782608695652174		0.5900621118012422		0.09937888198757763	0.4968944099378882		6.354037267080745			0.13043478260869565		1.5279503105590062	0.18012422360248448	3.0372670807453415	0.049689440993788817				0.15527950310559005		0.2422360248447205		1.0	0.4720496894409938	0.32298136645962733	0.8509316770186336	0.40372670807453415	0.9130434782608695	0.08695652173913043	0.32919254658385094	1.6273291925465838	1.8571428571428572	2.801242236024845		0.6708074534161491	0.6708074534161491	0.7080745341614907	0.11180124223602485	0.5341614906832298	0.11180124223602485		0.4658385093167702	1.2422360248447204	0.9751552795031055	0.2857142857142857	0.12422360248447205	0.06832298136645963	0.12422360248447205	76.52173913043478	0.7701863354037267	0.35403726708074534	0.5714285714285714	0.422360248447205
S2B39	251118_157			0.1342281879194631	0.11409395973154363				0.40939597315436244	0.9463087248322147	0.11409395973154363			0.1476510067114094	0.22818791946308725			0.5167785234899329	0.33557046979865773	1.087248322147651	0.1342281879194631	0.4228187919463087	0.2953020134228188		0.5302013422818792	1.912751677852349	4.395973154362416			0.09395973154362416	1.3020134228187918	0.9194630872483222	0.10067114093959731	0.2348993288590604	0.42953020134228187	1.0	0.6040268456375839	0.08053691275167785	0.1610738255033557	1.5503355704697988	0.2080536912751678		0.6442953020134228	0.6845637583892618	0.9328859060402684	0.5637583892617449	0.33557046979865773	0.21476510067114093	0.8456375838926175	0.3825503355704698	0.26174496644295303	1.5973154362416107			0.22818791946308725	2.5503355704697985	0.6644295302013423	0.738255033557047	0.436241610738255	0.3221476510067114	0.30201342281879195	12.704697986577182	0.5771812080536913	0.4429530201342282	0.38926174496644295	0.6174496644295302
S2B9	251118_158								0.16417910447761194						0.26865671641791045	0.11343283582089553		0.05373134328358209		0.6119402985074627	0.03582089552238806				0.4298507462686567		1.0925373134328358		0.023880597014925373	0.05373134328358209		0.0626865671641791	0.041791044776119404	0.04776119402985075		1.0	0.1880597014925373	0.06567164179104477		0.30149253731343284		0.04776119402985075	0.3611940298507463	0.3194029850746269	0.40298507462686567	0.7582089552238805		0.15223880597014924	0.16119402985074627	0.3074626865671642		0.4925373134328358	0.03283582089552239	0.11940298507462686	0.07164179104477612	0.5164179104477612	0.43283582089552236	0.13432835820895522	0.15522388059701492	0.04477611940298507	0.17313432835820897	3.7791044776119405	0.21791044776119403	0.3373134328358209		0.14328358208955225
S4A2	251118_159				0.1048951048951049	1.965034965034965	0.1258741258741259								0.2097902097902098	0.2097902097902098		0.3776223776223776		2.06993006993007				0.2097902097902098	0.8601398601398601	1.6853146853146854	2.3426573426573425		0.7272727272727273	0.32867132867132864		0.13286713286713286	0.11888111888111888	0.17482517482517482	0.7272727272727273	1.0	0.6013986013986014		0.3146853146853147	1.1258741258741258	0.13986013986013987	0.24475524475524477	0.4755244755244755		0.5104895104895105	0.986013986013986	0.08391608391608392	0.2867132867132867	0.38461538461538464	0.6713286713286714	0.4965034965034965	0.9230769230769231	0.1048951048951049		0.6783216783216783	1.5734265734265733	0.5874125874125874	0.7482517482517482	0.7342657342657343	0.13986013986013987	0.8111888111888111	24.503496503496503	0.5944055944055944	0.42657342657342656	0.6713286713286714	0.5034965034965035
S2B17	251118_160							0.109375		0.19791666666666666	0.08854166666666667		0.4479166666666667		0.28125	0.546875	0.09895833333333333	0.171875	0.296875	4.65625	0.13541666666666666	0.10416666666666667	0.08854166666666667		1.0208333333333333	0.3802083333333333	4.432291666666667	0.3541666666666667	0.5625	0.09375	0.4270833333333333	0.203125	0.13541666666666666	0.5260416666666666	0.16145833333333334	1.0	0.24479166666666666		0.6770833333333334	1.8489583333333333	0.3958333333333333	0.2708333333333333	0.8020833333333334	0.7083333333333334	2.2760416666666665	2.125	0.171875	0.7708333333333334	0.28125	0.8020833333333334	0.28125	1.4895833333333333		0.1875	0.5	1.6927083333333333	0.7239583333333334	0.3333333333333333	0.4947916666666667	0.09375	0.46875	24.057291666666668	0.5885416666666666	0.359375	0.3020833333333333	0.17708333333333334
S4A32	251118_161					0.40476190476190477			0.1111111111111111				0.5396825396825397	0.30952380952380953	0.29365079365079366			0.4444444444444444		9.063492063492063		0.16666666666666666	0.2857142857142857	0.1349206349206349	4.031746031746032	1.6904761904761905	7.992063492063492		0.4126984126984127	0.1746031746031746	1.5873015873015872	0.3253968253968254		0.36507936507936506	0.2619047619047619	1.0	0.9920634920634921		0.5634920634920635	8.452380952380953	0.47619047619047616	0.48412698412698413	0.2698412698412698	3.5238095238095237	0.8015873015873016	4.904761904761905	0.19047619047619047	2.0317460317460316	0.4444444444444444	1.5873015873015872	0.4603174603174603	0.4126984126984127	0.15873015873015872	0.49206349206349204	0.46825396825396826	1.8253968253968254	0.5079365079365079	0.3968253968253968	0.5317460317460317		1.492063492063492	38.34920634920635	2.1904761904761907	0.40476190476190477	0.4603174603174603	3.753968253968254
