Sample	Rawname	[757] glycolic acid [7.049] Results	[5950] L-alanine 1 [7.4748] Results	[971] oxalic acid [7.883] Results	[1004] phosphoric acid [9.966] Results	[750] glycine [10.456] Results	[439194] glyceric acid [10.735] Results	[5951] L-serine 2 [11.174] Results	[5950] L-alanine 2 [11.182] Results	[439742] beta-cyano-L-alanine [11.288] Results	[6288] L-threonine 2 [11.464] Results	[239] Beta- alanine  1 [12.044] Results	[92824] D-malic acid [12.794] Results	[649] 5,6-dihydrouracil 2 [12.773] Results	[338] salicylic acid [13.075] Results	[5960] aspartic acid 2 [13.207] Results	[7405] L-pyroglutamic acid [13.218] Results	[119] gamma-aminobutyric acid (GABA) [13.326] Results	[5460407] threonic acid [13.652] Results	[51] alpha ketoglutaric acid [13.859] Results	[236] L-asparagine 1 [14.496] Results	[33032] L-glutamic acid 2 [14.398] Results	[135] 4-hydroxybenzoic acid [14.505] Results	[428] 1,3-diaminopropane 1 [14.708] Results	[236] L-asparagine 2 [14.984] Results	[827] ribitol [15.66] Results	[754] glycerol 1-phosphate [16.056] Results	[738] L-glutamine 3 [16.092] Results	[8742] shikimic acid [16.433] Results	[311] citric acid [16.615] Results	[835] dehydroascorbic acid  1 [16.863] Results	[94214] methyl-beta-D-galactopyranoside   [16.935] Results	[6508] quinic acid [17.076] Results	[5984] fructose 1 [17.288] Results	[5984] fructose 2 [17.288] Results	[24749] D-glucose 1 [17.426] Results	[5962] L-lysine 2 [17.643] Results	[24749] D-glucose 2 [17.625] Results	[6057] tyrosine 2 [17.871] Results	[5780] D-sorbitol [17.898] Results	[128869] galactonic acid 2 [18.504] Results	[985] palmitic acid [18.846] Results	[445858] ferulic acid [19.312] Results	[439184] ribulose-5-phosphate 3 [19.603] Results	[892] myo-inositol [19.354] Results	[5281] stearic acid [20.675] Results	[439958] D-glucose-6-phosphate 2 [21.558] Results	[60961] adenosine [23.825] Results	[5988] Sucrose [23.988] Results	[7427] D-(+) trehalose [24.752] Results	[6255] maltose  2 [24.915] Results	[439451] galactinol 2 [26.479] Results
S5A29	251124_003	0.04052969502407704	2.6330256821829856	20.07102728731942	128.77648475120384	2.485553772070626	0.21649277688603533	3.161115569823435	0.7831059390048154	0.6665329052969502	0.29574638844301765	0.07684590690208667	4.930577849117175	3.029093097913323	0.07504012841091492	2.94161316211878	2.9169341894060996	0.06179775280898876	0.23675762439807382	0.06942215088282504	0.06239967897271268	4.425963081861958	0.06882022471910113	0.16292134831460675	3.377808988764045	1.0	0.39125200642054575	0.3573434991974318	0.07223113964686999	7.75	0.012439807383627608	0.23715890850722313	0.1296147672552167	0.45264847512038525	0.2774879614767255	2.1073434991974316	0.13422953451043337	0.3874398073836276	0.3635634028892456	0.6266051364365971	0.18920545746388442	0.8418940609951846	0.11617174959871589	0.5060192616372392	2.667937399678973	0.4943820224719101	0.18298555377207062	0.39787319422150885	242.67395666131623	0.6175762439807384	0.6209871589085072	0.7229133226324238
S5A9	251124_004	0.04873377314322196	0.5475633113428389	20.84124281762077	142.63694403064483	0.9427537773994467	0.18557139816982338	1.8567780378804002	0.5731006597148329	0.44371142796339647	0.3858267716535433	0.053628431581187484	4.321344967014259	2.651840817195148	0.04405192594168972	5.368376250266014	2.0112789955309642	0.10725686316237497	0.2296233241115131	0.05384124281762077	0.07597361140668227	3.2160034049797828	0.07725047882528198	0.1017237710151096	3.734624388167695	1.0	0.30687380293679506	0.1408810385188338	0.10512875079804214	5.665247925090445	0.03064481804639285	0.24026388593317727	0.33070866141732286	0.2706958927431368	0.24090231964247713	0.5613960417110023	0.08278357097254735	0.13364545648010215	0.13641200255373484	0.448606086401362	0.24430729942540966	1.211534369014684	0.04575441583315599	0.5337305809746755	2.4503085762928283	0.8127261119387104	0.19387103639072142	0.2645243668865716	164.11619493509258	0.447116407746329	0.12300489465843796	0.1759948925303256
S4B27	251124_005	0.07660283097418817	0.26283652511795724	0.1359977796280877	182.24229808492922	0.543436025534277	0.28559533721898417	2.4970857618651126	0.7735220649458784	1.1876214265889538	0.3588676103247294	0.10935331668054399	1.5531501526505689	7.165417707466	0.07771301693033583	3.700804884818207	3.969747432694976	0.18512350818762144	0.20593949486538995	0.062170413544268666	0.2941992783791285	9.306133777407716	0.056064390785456567	0.2631140716069942	11.370247016375243	1.0	0.5897862892034416	0.17124618373577574	0.30918678878712186	1.8756591729114627	0.14154870940882597	0.39272828198723286	0.8484596169858452	0.41076880377463226	0.2645018040521787	0.7268942547876769	0.18040521787399388	0.13849569802941994	0.3028032195392728	0.7704690535664724	0.2370247016375243	1.080210935331668	0.08770469053566472	0.7293921731890092	4.025534276991396	0.537052456286428	0.19816819317235637	0.24313072439633637	223.59866777685264	0.7144046627810158	0.12239800166527894	0.17069109075770192
S4B13	251124_006		3.5108565974707706	20.393939393939394	94.74827010260081	2.2815557146265806	0.3970412789310427	2.3631591505607252	1.2798854688618468	0.85635886423288	0.5991410164638511	0.138391791935099	9.501312335958005	5.5461703650680025	0.087568599379623	1.5005965163445478	4.611548556430447	0.10164638511095204	0.29062276306370793	0.10880458124552612	0.2001908852302553	6.526127415891195	0.06132188021951802	0.26246719160104987	7.608446671438798	1.0	0.4970174182772608	0.521832498210451	0.577905034597948	7.304700548795037	0.09878310665712241	0.23216416129801956	1.975423526604629	0.5192078262944405	0.44523979957050824	1.5802910999761393	0.14769744691004533	0.27726079694583633	0.2440944881889764	0.6148890479599141	0.18324982104509663	0.9718444285373419	0.10594130279169649	0.7556669052732045	4.061799093295156	0.6397041278931043	0.15294679074206632	0.2879980911476974	359.90956812216655	0.7721307563827249	0.7718921498449057	0.06728704366499642
S4B25	251124_007	0.03515517714913485	0.5767646251029936	16.06536665751167	127.09750068662456	0.6086240043943971	0.19967042021422687	2.7599560560285634	0.9110134578412524	0.8291678110409229	0.5163416643779182	0.061246910189508376	5.113705026091733	4.220818456468003	0.0804723976929415	3.9008514144465805	3.8780554792639386	0.2172480087887943	0.2554243339741829	0.2054380664652568	0.15133205163416644	4.298544355946168	0.04174677286459764	0.24553694040098875	5.4322988190057675	1.0	0.6124691018950837	0.653117275473771	0.4040098873935732	1.7302938753089812	0.08321889590771767	0.4589398516890964	1.3375446305959902	0.3952210931062895	0.2548750343312277	0.7670969513869816	0.068662455369404	0.15462784949189784	0.1148036253776435	0.7780829442460863	0.19362812414171932	1.2090085141444658	0.13402911288107663	0.8357594067563856	3.87558363087064	0.6322438890414721	0.07058500411974732	0.38093930238945345	304.91980225212853	0.6138423510024719	0.14528975556165888	0.3026641032683329
S4B6	251124_008	0.027357237715803454	1.197078353253652	8.041434262948208	24.543426294820716	0.20717131474103587	0.1604249667994688	0.5229747675962816	0.30172642762284196	0.5083665338645418	0.13784860557768924	0.04037184594953519	1.8815405046480744	3.3742363877822044	0.0897742363877822	0.8602921646746348	1.3253652058432934	1.6212483399734396	0.11420982735723771	0.06852589641434263	0.14289508632138115	1.6260292164674635	0.04966799468791501	0.10464807436918991	3.4318725099601592	1.0	0.27304116865869854	0.1455511288180611	0.0903054448871182	2.413545816733068	0.034528552456839307	0.14873837981407703	0.1258964143426295	2.4746347941567066	1.69269588313413	2.183266932270916	0.1543160690571049	0.3904382470119522	0.16600265604249667	0.32324037184594956	0.09269588313413014	0.9606905710491368	0.03213811420982736	0.450730411686587	1.5173970783532535	0.5383798140770253	0.11845949535192563	0.2539176626826029	29.86905710491368	0.29933598937583	0.09827357237715803	0.08579017264276229
S5A5	251124_009	0.044505306401917154	5.6364258815474155	22.342690859294763	93.03149606299213	0.8545018829168093	0.3108524477918521	1.5977404998288258	1.2916809311879494	0.38959260527216705	0.36460116398493664	0.06915439917836358	9.065046217048955	2.933242040397124	0.09619993153029785	1.7552208147894557	3.5546045874700445	0.12084902430674427	0.3382403286545704	0.08387538514207463	0.07155083875385142	3.1598767545361177	0.06264977747346799	0.2701129750085587	2.577884286203355	1.0	0.4645669291338583	0.2831222184183499	0.10338925025676138	3.0047928791509757	0.02909962341663814	0.3081136597055803	0.2293735022252653	1.0	0.6395070181444711	1.467990414241698	0.2485450188291681	0.3166723724751797	0.1999315302978432	0.7038685381718589	0.25231085244779183	0.9736391646696337	0.09483053748716193	0.6032180760013693	2.2714823690516948	0.5429647381033893	0.10749743238616911	0.3926737418692229	282.52961314618284	0.6480657309140705	0.08695652173913043	0.08079424854501883
S4B32	251124_010	0.026051676275891524	3.4898569293188126	12.889173606662396	64.14776852445014	0.43647234678624813	0.3072816570574418	2.780909673286355	1.1319666880204997	0.2556053811659193	0.38244714926329276	0.08093102711936792	11.376468076019645	2.309417040358744	0.11915438821268418	1.4108477471706171	3.1659192825112106	0.14029468289557975	0.1159513132607303	0.3386717915865898	0.10847747170617125	4.922485586162717	0.08520179372197309	0.1765961990177237	2.1682682041426435	1.0	0.4309203502028614	0.20350202861413624	0.09502455690796498	32.978859705317106	0.022635062993807388	0.3401665598975016	0.16250266922912662	2.261370916079436	1.483450779414905	11.415972667093744	0.26030322442878495	1.0886184070040572	0.28315182575272263	0.8255391842835789	0.12449284646594064	0.772795216741405	0.08840486867392697	0.4029468289557976	2.6128550074738417	0.44458680333119793	0.10143070681187273	0.4817424727738629	286.70489002776	0.9090326713645099	0.08520179372197309	2.3220158018364296
S4B30	251124_011	0.03379451122703561	2.266953957813563	0.24631435699705148	99.96189612156952	0.7303243365842594	0.22272624177818098	2.969154003175323	1.3161714674529372	0.4583805851667045	0.30120208664096165	0.09662054887729644	5.840780222272624	3.0814243592651396	0.08618734406894987	1.5735994556588795	4.026309820821048	0.10637332728509866	0.1152188704921751	0.2029938761623951	0.12224994329779995	5.377863461102291	0.05080517124064414	0.18144704014515764	3.586527557269222	1.0	0.41052392832841916	0.321161261056929	0.11499206169199365	13.617827171694262	0.02358811521887049	0.42844182354275345	0.14198230891358585	1.0596507144477205	0.6638693581310955	3.754366069403493	0.24903606259922886	0.5633930596507144	0.3202540258562032	0.5935586300748469	0.11589929689271944	0.7775005670220004	0.10274438648219551	0.4933091403946473	2.882966659106373	0.41097754592878205	0.11589929689271944	0.38738943070991155	401.647539124518	0.7396234973916987	0.7475618053980494	1.826491267861193
S5A20	251124_012	0.08435286542176433	1.8763683193818417		84.74726336123632	1.436252414681262	0.3048937540244688	2.385061171925306	0.9336767546683837	0.46587250482936254	0.2865421764327109	0.09240180296200902	8.115260785576304	3.7215067611075336	0.10367031551835158	2.4707018673535095	3.9793947198969737	0.1084996780424984	0.3412749517063748	0.07823567289117836	0.14874436574372182	6.2021893110109465	0.08725048293625241	0.1905988409529942	4.1587250482936255	1.0	0.39278815196394073	0.38538312942691566	0.2369607211848036	6.1973599484868	0.027366387636831937	0.2994204764971024	0.53026400515132	1.6448808757244044	1.1200901481004508	1.9359304571796523	0.17224726336123633	0.38763683193818416	0.6886670959433355	0.6406954282034771	0.27269800386349	0.892466194462331	0.07759175788795879	0.6735350933676755	3.5099806825499034	0.6815840309079202	0.29684481648422406	0.4861558274307791	563.9523502897617	0.7128139085640696	0.16773985833869928	0.2607855763039279
S4B14	251124_013	0.04417109309477216	0.29354207436399216	11.0	65.50796757058988	0.336315348057031	0.3192619513558848	1.156835336874476	0.42801230081073527	0.274811294380766	0.40117416829745595	0.0698909700866648	2.2367906066536203	2.3360357841766843	0.09421302767682416	3.24937098126922	4.355884819681298	0.3086385239027118	0.24489795918367346	0.04137545429130556	0.15823315627620912	3.984623986580934	0.05842885099245178	0.16019010343863574	1.5540956108470785	1.0	0.4159910539558289	0.07548224769359799	0.20380206877271456	2.640480849874196	0.03690243220575901	0.22393066815767404	0.6949958065417948	0.5722672630696114	0.3927872518870562	0.8261112664243779	0.12244897959183673	0.12943807660050322	0.15403969807100923	0.5191501258037462	0.17724350013978193	1.3119932904668716	0.10176125244618395	0.6745876432764887	3.302767682415432	0.5954710651383841	0.21610287950796758	0.23874755381604695	215.25440313111545	0.8705619233994968	0.23399496785015375	0.07995526977914454
S5A34	251124_014	0.060431217734588524	0.6082599453385971	0.34861828120255084	100.24506529000911	0.5463103552991193	0.2830245976313392	1.627998785302156	0.5791071970847251	0.5557242635894322	0.22805952019435166	0.07227452171272396	4.274218038262982	6.618888551472821	0.11235955056179775	4.467962344366839	2.895232310962648	0.2972972972972973	0.22077133313088368	0.0315821439416945	0.20224719101123595	4.644397206194959	0.0907986638323717	0.2083206802307926	6.291831156999696	1.0	0.5466140297600972	0.15821439416945035	0.22866686911630732	3.6513817187974493	0.03583358639538415	0.357424840570908	0.7023990282417248	0.6034011539629517	0.45915578499848164	1.1284542969936229	0.17522016398420892	0.24901305800182205	0.21591254175523839	0.46431825083510475	0.25964166413604617	0.9392651078044336	0.1557849984816277	0.6759793501366536	4.064986334649256	0.5250531430306711	0.26358943212875796	0.3416337686000607	381.08806559368355	0.8144549043425447	0.22714849681141816	0.23686607956270878
S5A6	251124_015	0.0866721177432543	3.8704006541291904	16.6676206050695	45.366312346688474	0.5372035977105478	0.2649223221586263	1.3973834832379395	1.7649223221586263	0.28945216680294356	0.26941946034341785	0.0580539656582175	6.330335241210139	2.733442354865086	0.07726901062959934	2.9472608340147177	4.601798855273916	0.10139002452984465	0.3385118560915781	0.1455437448896157	0.1410466067048242	4.706050695012265	0.09607522485690924	0.1394112837285364	1.829926410466067	1.0	0.5122649223221586	0.18315617334423548	0.12959934587080948	3.8417825020441536	0.026573998364677023	0.2788225674570728	0.2616516762060507	0.47015535568274736	0.32011447260834014	0.9901880621422731	0.17211774325429272	0.17457072771872445	0.26369582992641044	0.8078495502861816	0.2027800490596893	1.0854456255110385	0.056418642681929684	0.7493867538838921	3.1733442354865087	1.017170891251022	0.11242845461978741	0.3695829926410466	263.06786590351595	0.7244480784955029	0.7269010629599346	0.1794766966475879
S5A17	251124_016	0.06916692284045496	2.2914233015677836	15.929296034429758	21.66154319090071	1.9830925299723332	0.261297264063941	1.3516753765754688	0.8902551490931447	0.2818936366430987	0.25484168459883183	0.08207808177067323	5.268675069166923	2.945896095911466	0.08023363049492777	2.1945896095911466	4.648939440516446	0.06640024592683677	0.2803565939133108	0.06486320319704887	0.12880418075622502	4.0620965262834305	0.0700891484783277	0.19981555487242544	1.9806332616046727	1.0	0.44420534890869967	0.3295419612665232	0.2170304334460498	2.1454042422379342	0.11343375345834614	0.29572702121118966	0.8736550876114356	0.5158315401168152	0.40485705502612973	1.0617891177374732	0.10636335690132186	0.23270826928988625	0.4903166308023363	0.6341838303104826	0.15739317553027973	1.0427297878881032	0.1441746080541039	0.8263141715339687	4.55456501690747	0.80202889640332	0.14540424223793422	0.3575161389486628	436.6043652013526	0.7740547187211805	0.06916692284045496	0.1469412849677221
S5A33	251124_017	0.0195822454308094	1.2252683492892371	5.795619379170293	77.75558456628953	0.46344647519582244	0.07702349869451697	1.592254134029591	1.6325790542500724	0.36205395996518713	0.16869741804467653	0.050623730780388745	4.498549463301422	5.081955323469684	0.057731360603423265	1.5240789091964027	4.531621700029011	0.040905134899912966	0.14519872352770524	0.07905425007252684	0.25558456628952714	2.6923411662315058	0.05802146794313896	0.09776617348418914	1.565709312445605	1.0	0.19654772265738324	0.11517261386713083	0.057876414273281114	4.258195532346968	0.05134899912967798	0.13112851755149404	0.1285175514940528	0.8590078328981723	0.718595880475776	6.875834058601683	0.06556425877574702	0.7348418914998549	0.2126486800116043	0.36524514070205977	0.1172033652451407	0.598781549173194	0.07383231795764433	0.29648970118944007	1.590223382651581	0.3572671888598782	0.14635915288656803	0.1756599941978532	199.46518711923412	1.218595880475776	1.2261386713083842	0.6626051639106469
S4B9	251124_019	0.04151031894934334	0.39399624765478425	19.712711069418386	57.60530018761726	0.7335834896810507	0.2049718574108818	1.0370544090056286	0.7455440900562852	0.2535178236397749	0.29854596622889307	0.06214821763602251	1.7865853658536586	3.519699812382739	0.042682926829268296	4.183864915572233	4.36702626641651	0.055112570356472795	0.1294559099437148	0.06683864915572232	0.17776735459662288	2.020403377110694	0.07059099437148218	0.16932457786116323	1.0731707317073171	1.0	0.39352720450281425	0.049953095684803	0.15924015009380862	2.804174484052533	0.15924015009380862	0.14634146341463414	0.39798311444652906	0.17378048780487804	0.16533771106941839	0.6876172607879925	0.08677298311444653	0.09779549718574108	0.10412757973733583	0.48100375234521575	0.16393058161350843	0.8799249530956847	0.04549718574108818	0.4047842401500938	3.3306754221388366	0.523217636022514	0.325281425891182	0.10623827392120075	179.8262195121951	0.5576923076923077	0.11843339587242026	0.06613508442776736
S4B24	251124_020	0.02583543948329121	0.09098567818028644	26.92361696152766	83.17944397641112	0.6809884863802302	0.2294299354114013	1.8051109238977816	1.1752316764953665	0.19039595619208088	0.38163437236731257	0.037629879247402416	8.084807638303847	2.7228306655433867	0.08059533838809323	3.0671159786576805	4.654591406908172	0.2462791350744173	0.2951418140971637	0.15136197697276046	0.18927267621454646	1.4010109519797809	0.09491715810165684	0.2603201347935973	0.6874473462510531	1.0	0.36085369278292617	0.19236169615276608	0.2367312552653749	2.0909856781802865	0.10053355798932884	0.2316764953664701	1.2777309744453804	0.47318169053636616	0.36057287278854255	1.2412243751755125	0.051390058972198824	0.20499859590002809	0.10137601797247964	0.5183937096321258	0.2364504352709913	0.8520078629598428	0.04858185902836282	0.594776748104465	3.115697837686043	0.6085369278292615	0.05560235888795282	0.17410839651783208	227.36422353271553	0.4251614714967706	0.10221847795563044	0.19320415613591688
S4B20	251124_021	0.04228769497400347	2.096360485268631	22.290121317157713	111.6051993067591	2.779202772963605	0.23847487001733103	2.4956672443674175	2.5019064124783363	0.4714038128249567	0.434315424610052	0.1147313691507799	9.419410745233968	11.288734835355285	0.13934142114384748	2.6901213171577125	10.827729636048527	0.14454072790294628	0.2835355285961872	0.09844020797227036	0.5303292894280762	4.669670710571924	0.06759098786828423	0.2530329289428076	2.7667244367417676	1.0	0.4547660311958406	0.16395147313691508	0.2651646447140381	6.298786828422877	0.1285961871750433	0.2370883882149047	0.6471403812824956	1.016637781629116	0.7660311958405546	1.111265164644714	0.13726169844020797	0.20589254766031195	0.5681109185441942	0.9019064124783363	0.24263431542461006	0.8842287694974004	0.11681109185441942	0.7441941074523397	4.334488734835356	0.6176776429809359	0.15077989601386482	0.3729636048526863	525.5105719237436	0.7289428076256499	0.10329289428076256	0.1483535528596187
S5A3	251124_022	0.21681997371879105	0.22109067017082787	9.653088042049934	32.965177398160314	0.4540078843626807	0.27825229960578185	0.3291721419185282	1.3242444152431012	0.06406044678055191	0.06701708278580815	0.03252299605781866	4.027595269382392	2.0282522996057817	0.08245729303547963	1.5348226018396847	5.057161629434954	0.08409986859395532	0.19415243101182655	0.0726018396846255	0.15505913272010513	0.7230617608409987	0.20039421813403416	0.06044678055190539	0.5505913272010512	1.0	0.3015768725361367	0.08475689881734559	0.32654402102496716	0.9940867279894875	0.3278580814717477	0.25	0.3584099868593955	0.5781865965834428	0.450065703022339	2.9717477003942183	0.21517739816031536	0.5726018396846255	0.1080814717477004	0.3892904073587385	0.13699080157687255	1.6865965834428385	0.08081471747700394	0.6839684625492772	2.3199737187910645	0.9208278580814717	0.14487516425755584	0.3232588699080158	327.8981603153745	0.5108409986859396	0.5206964520367937	0.1504599211563732
S5A21	251124_023	0.06118546845124283	1.9321223709369024	30.319789674952197	193.00478011472276	2.543977055449331	0.2958891013384321	3.4053537284894837	2.310229445506692	0.44024856596558315	0.4096558317399618	0.11281070745697896	8.621414913957935	7.711281070745698	0.0869980879541109	3.4220841300191203	9.93642447418738	0.22323135755258125	0.46175908221797324	0.0994263862332696	0.3618546845124283	4.675430210325048	0.13957934990439771	0.20219885277246655	2.217495219885277	1.0	0.36950286806883365	0.18690248565965584	0.17160611854684513	3.1888145315487573	0.029158699808795412	0.2925430210325048	0.3207456978967495	1.1481835564053537	0.8532504780114722	1.377151051625239	0.12189292543021032	0.252868068833652	0.44120458891013387	0.5760038240917782	0.21845124282982792	1.254302103250478	0.0607074569789675	0.7002868068833652	3.457456978967495	0.7853728489483748	0.15678776290630975	0.5066921606118547	690.359464627151	0.5678776290630975	0.11663479923518165	0.13432122370936903
S4B3	251124_024	0.040016501650165015	2.2524752475247523	11.787541254125413	58.96493399339934	1.4224422442244224	0.19513201320132012	1.7813531353135315	2.3032178217821784	0.25495049504950495	0.2834158415841584	0.11757425742574257	6.372112211221122	4.604372937293729	0.09983498349834984	1.6608910891089108	4.998762376237623	0.08952145214521452	0.191006600660066	0.06806930693069307	0.35396039603960394	1.476072607260726	0.08498349834983498	0.18894389438943895	1.1522277227722773	1.0	0.3386963696369637	0.09117161716171616	0.2202970297029703	2.433993399339934	0.12128712871287128	0.2999174917491749	0.4360561056105611	0.695957095709571	0.6905940594059405	2.2116336633663365	0.09900990099009901	0.33085808580858084	0.3234323432343234	0.47194719471947194	0.14067656765676567	1.1608910891089108	0.11138613861386139	0.504950495049505	3.5994224422442245	0.9533828382838284	0.12046204620462046	0.2632013201320132	610.536303630363	0.7995049504950495	0.8015676567656765	0.09777227722772278
S4B22	251124_025	0.03727144866385373	0.17123769338959213	0.3073136427566807	43.39556962025316	0.2218706047819972	0.2049929676511955	0.6357243319268636	0.42545710267229253	0.19866385372714487	0.1670182841068917	0.05590717299578059	1.169831223628692	3.2415611814345993	0.09845288326300984	2.371308016877637	3.738396624472574	0.05520393811533052	0.11075949367088607	0.03691983122362869	0.19444444444444445	0.9405766526019691	0.030239099859353025	0.17405063291139242	0.7855133614627285	1.0	0.3410689170182841	0.05661040787623066	0.1571729957805907	1.3013361462728552	0.07735583684950774	0.18178621659634317	0.3146976090014065	0.16244725738396623	0.11146272855133614	0.4092827004219409	0.07735583684950774	0.09036568213783404	0.12939521800281295	0.3772855133614627	0.14767932489451477	1.0147679324894514	0.04746835443037975	0.5791139240506329	3.0126582278481013	0.45921237693389594	0.12728551336146274	0.1269338959212377	191.59810126582278	0.4078762306610408	0.09563994374120956	0.06645569620253164
S5A38	251124_026	0.08751864743908504	0.5987071108901044	14.241173545499752	116.52660367976131	0.44256588761810045	0.2918945798110393	0.8970661362506216	0.9119840875186475	0.12928891098955744	0.4365987071108901	0.13625062158130283	3.412232720039781	2.907011437095972	0.09796121332670313	2.1511685728493286	11.284932869219293	0.20586772749875684	0.28045748383888613	0.0730979612133267	0.3306812531079065	2.4107409249129788	0.16608652411735456	0.17503729487817007	0.4679264047737444	1.0	0.4181999005469915	0.11287916459472899	0.548483341621084	2.0815514669318746	0.030830432620586774	0.2640477374440577	1.1427150671307806	0.24813525609149678	0.3202386872202884	0.7613127797115863	0.1596220785678767	0.1636001989060169	0.13774241670810541	0.5350571854798608	0.20636499254102436	1.227747389358528	0.09646941819990054	0.5445052212829438	1.4266534062655396	0.739433117851815	0.21282943809050223	0.23172550969666833	424.09845847836897	0.6101442068622576	0.13028344107409248	0.13873694679264048
S5A26	251124_027	0.022964509394572025	0.918580375782881	17.1017745302714	111.95250521920669	0.8695198329853863	0.44154488517745305	1.7092901878914406	1.3449895615866387	0.23747390396659707	0.3147181628392484	0.087160751565762	10.56732776617954	5.0375782881002085	0.12056367432150313	3.7484342379958244	9.887787056367433	0.3168058455114823	0.2781837160751566	0.08089770354906055	0.3157620041753653	3.594989561586639	0.06002087682672234	0.20041753653444677	1.4786012526096033	1.0	0.3747390396659708	0.10125260960334029	0.5944676409185804	6.65553235908142	0.04279749478079332	0.33716075156576203	1.1430062630480167	0.6659707724425887	0.4331941544885177	1.2917536534446765	0.26461377870563674	0.2917536534446764	0.19206680584551147	0.6920668058455115	0.21450939457202506	1.167536534446764	0.0407098121085595	0.6508350730688935	2.168580375782881	0.6111691022964509	0.43162839248434237	0.28444676409185804	672.3366388308978	0.6049060542797495	0.14718162839248433	0.1941544885177453
S5A18	251124_028	0.0968609865470852	0.09820627802690583	4.369955156950673	7.866367713004484	0.6094170403587444	0.49730941704035875	0.39282511210762333	0.6336322869955157	0.053811659192825115	0.04798206278026906	0.05291479820627803	2.410762331838565	1.4757847533632287	0.07174887892376682	0.9789237668161435	6.830941704035874	0.11434977578475336	0.1663677130044843	0.042600896860986545	0.07623318385650224	0.6681614349775785	0.2452914798206278	0.08565022421524664	0.33946188340807176	1.0	0.22556053811659194	0.10269058295964126	0.4026905829596413	0.9067264573991032	0.4053811659192825	0.2991031390134529	0.9062780269058296	0.6623318385650224	0.5085201793721973	3.968609865470852	0.08834080717488789	0.4748878923766816	0.29013452914798205	0.19327354260089685	0.10627802690582959	1.8130044843049327	0.14394618834080716	0.6031390134529148	1.825560538116592	1.0139013452914798	0.08206278026905829	0.22600896860986547	383.54484304932737	0.7502242152466367	0.7582959641255606	0.13721973094170403
S4B33	251124_029	0.05021141649048626	5.224101479915434	15.2669133192389	98.21564482029598	0.8298097251585623	0.26955602536997886	4.333509513742072	4.909619450317125	0.3298097251585624	0.5665961945031712	0.16913319238900634	10.138477801268499	7.092494714587738	0.19027484143763213	1.947674418604651	11.469344608879492	0.2087737843551797	0.22832980972515857	0.41226215644820297	0.45454545454545453	4.0951374207188165	0.08139534883720931	0.2653276955602537	1.9624735729386893	1.0	0.36627906976744184	0.07610993657505286	0.15380549682875264	30.233615221987314	0.1379492600422833	0.5269556025369979	0.23520084566596194	1.236786469344609	0.7933403805496829	9.133720930232558	0.19397463002114165	1.054968287526427	0.3726215644820296	0.6390063424947146	0.23625792811839325	1.2071881606765327	0.11152219873150106	0.5771670190274841	2.6448202959830867	0.9788583509513742	0.20348837209302326	0.4503171247357294	389.3858350951374	0.9830866807610994	0.9793868921775899	3.8911205073995774
S4B34	251124_030	0.11369509043927649	0.028423772609819122	8.017226528854437	68.24031007751938	0.27993109388458226	0.27648578811369506	0.35142118863049093	0.36304909560723514	0.09431524547803617	0.16063738156761412	0.05469422911283377	1.6059431524547803	2.727820844099914	0.0822566752799311	2.5473729543496986	7.037037037037037	0.16795865633074936	0.10594315245478036	0.1020671834625323	0.13178294573643412	0.8897502153316107	0.21102497846683893	0.13178294573643412	0.727390180878553	1.0	0.4078380706287683	0.0409130060292851	0.4694229112833764	1.024978466838932	0.45133505598621876	0.42463393626184326	0.6080964685615848	0.5391903531438416	0.42118863049095606	2.1128337639965546	0.07407407407407407	0.3440999138673557	0.10637381567614125	0.38285960378983636	0.1847545219638243	1.301033591731266	0.12015503875968993	0.7652885443583118	3.135658914728682	1.1167097329888027	0.22049956933677864	0.2360034453057709	110.57062876830318	0.7971576227390181	0.10938845822566753	0.11800172265288544
S5A28	251124_031	0.061813186813186816	3.5764652014652016	12.752747252747254	38.362637362637365	0.5215201465201466	0.190018315018315	2.45970695970696	2.4761904761904763	0.2683150183150183	0.3315018315018315	0.07142857142857142	6.8699633699633695	3.443681318681319	0.07509157509157509	3.4326923076923075	7.164835164835165	0.12179487179487179	0.26465201465201466	0.18635531135531136	0.22756410256410256	2.5004578754578755	0.06135531135531135	0.17399267399267399	1.6538461538461537	1.0	0.23946886446886448	0.08836996336996338	0.10256410256410256	7.1506410256410255	0.027472527472527472	0.20283882783882784	0.14285714285714285	0.6282051282051282	0.5439560439560439	2.0022893772893773	0.17673992673992675	0.3241758241758242	0.2632783882783883	0.592948717948718	0.23305860805860806	0.8415750915750916	0.11126373626373626	0.5531135531135531	2.218864468864469	0.6378205128205128	0.09844322344322344	0.3347069597069597	444.35164835164835	0.6181318681318682	0.6181318681318682	1.0586080586080586
S4B11	251124_032	0.045471914405808174	0.32174245319067635	11.007260221627819	47.15934275888422	1.2934658005349637	0.44210928544134503	1.3335880779518532	1.369889186090944	0.2544898739014138	0.353840275124188	0.08215513947267863	5.337409247229652	9.377913641574322	0.0569354222392052	1.480703095147115	15.321742453190677	0.15513947267863967	0.18800152846771112	0.1203668322506687	0.5907527703477264	4.1367978601452045	0.20366832250668704	0.20022927015666794	4.335498662590752	1.0	0.36530378295758503	0.1757737867787543	0.7722583110431792	5.617118838364539	0.2972869698127627	0.2919373328238441	1.4260603744745892	0.580817730225449	0.6262896446312571	3.7481849445930453	0.2372946121513183	0.5265571264807031	0.19564386702330913	0.4757355750859763	0.16087122659533817	2.3568972105464274	0.12839128773404662	0.6522735957202904	3.5021016431027894	1.673290026748185	0.2862055789071456	0.30531142529614064	692.5571264807031	1.1096675582728315	0.2277416889568208	0.2594573939625525
S5A27	251124_033	0.07407407407407407	1.0207631874298542	0.6520763187429854	187.172278338945	0.8035914702581369	0.40852974186307517	1.7918069584736251	1.4461279461279462	1.0241301907968574	0.5022446689113356	0.15656565656565657	3.504489337822671	20.74635241301908	0.20089786756453423	5.543771043771044	11.534231200897867	0.356341189674523	0.3114478114478115	0.037037037037037035	1.0151515151515151	4.80976430976431	0.0611672278338945	0.30864197530864196	9.31425364758698	1.0	0.5965207631874299	0.3052749719416386	0.36363636363636365	2.8524130190796857	0.398989898989899	0.34231200897867564	0.7890011223344556	0.579685746352413	0.5162738496071829	0.7441077441077442	0.37373737373737376	0.19248035914702583	0.37373737373737376	0.5892255892255892	0.2850729517396184	1.2760942760942762	0.10606060606060606	0.9388327721661055	3.957351290684624	0.8608305274971941	0.3900112233445567	0.3288439955106622	757.5364758698092	1.112794612794613	1.11672278338945	0.40235690235690236
S5A39	251124_034	0.06456241032998565	0.39741750358680056	10.781922525107603	42.44763271162123	0.4887613582018173	0.31324725011956	1.2941176470588236	0.3519846963175514	0.39550454328072693	0.3639406982305117	0.16594930655188905	2.5054997608799616	9.113821138211382	0.1951219512195122	3.025346724055476	10.447154471544716	0.1726446676231468	0.38546150167384025	0.08369201339072214	0.4681970349115256	3.1233859397417505	0.1367766618842659	0.17360114777618366	3.1076040172166426	1.0	0.3825920612147298	0.08799617407938785	0.266857962697274	4.55141080822573	0.03012912482065997	0.3668101386896222	0.585844093735055	0.35246293639406984	0.3500717360114778	0.6413199426111909	0.24629363940698232	0.2821616451458632	0.24629363940698232	0.4748923959827834	0.20899091343854614	1.184600669536107	0.11956001912960305	0.3252032520325203	0.26924916307986607	0.676231468197035	0.25107604017216645	0.1836441893830703	423.3323768531803	1.0631276901004305	0.12816834050693449	0.1793400286944046
S5A37	251124_035	0.050814010853478045	1.4287123828317712	21.3749383325111	352.30340404538725	0.7474099654662062	0.5860878145041933	2.434139121854958	1.418352244696596	0.4785397138628515	0.5273803650715343	0.0710409472126295	14.28811050814011	13.12037493833251	0.13418845584607794	5.871731623088308	8.375431672422298	0.19486926492353232	0.3236309817464233	0.18302910705476072	0.772076961026147	2.4222989639861865	0.05180069067587568	0.455846077947706	4.826344351258017	1.0	0.5160335471139615	0.4079921065614208	0.4893931919092255	2.882091761223483	0.185002466699556	0.3986186482486433	1.5994079921065614	0.3991119881598421	0.34139121854958066	0.9447459299457326	0.2619634928465713	0.14553527380365072	0.2160828811050814	0.49481993093241244	0.24962999506660088	1.0976813024173655	0.09028120374938332	0.96250616674889	4.911198815984213	0.7133695115934879	0.1879625061667489	0.5559940799210656	840.1889491859891	0.5505673408978786	0.18302910705476072	0.5693142575234337
S4B29	251124_036	0.06060606060606061	2.574216743708269	11.385208012326656	43.64612223934258	1.1961992809450437	0.2763225475089882	2.9589111453518235	2.724191063174114	0.1936312275295326	0.39496661530559835	0.13662044170518747	5.587057010785824	4.785824345146379	0.07139188495120699	1.9958911145351823	7.047252182845403	0.22701592193117617	0.14791987673343607	0.18900873138161273	0.2645095017976374	1.8382126348228043	0.050333846944016436	0.20133538777606574	1.103235747303544	1.0	0.3333333333333333	0.12275295326142784	0.07704160246533127	10.19106317411402	0.024139702105803802	0.5495634309193631	0.1679506933744222	0.41602465331278893	0.421160760143811	1.381612737544941	0.15767847971237803	0.22547508988186954	0.2280431432973806	0.4771443246019517	0.07447354904982023	0.9583975346687211	0.15408320493066255	0.6163328197226502	2.194144838212635	0.5685670261941448	0.1258346173600411	0.3081664098613251	456.06676938880327	0.6076014381099127	0.6086286594761171	1.9373394966615305
S5A35	251124_037	0.07138179436804191	1.6568434839554682	22.42043222003929	72.19515389652915	1.0183366077275704	0.3470857891290111	1.8015717092337917	1.5199738048461036	0.3012442698100851	0.2678454485920105	0.11591355599214145	12.242960052390307	7.934512115258677	0.12966601178781925	3.8402095612311724	6.373935821872953	0.14538310412573674	0.381139489194499	0.17092337917485265	0.47347740667976423	1.372626064178127	0.0825147347740668	0.31237721021611004	2.0098231827111985	1.0	0.5507531106745253	0.19384413883431564	0.18271119842829076	2.762278978388998	0.18467583497053044	0.4243614931237721	0.8598559266535691	0.9115913555992141	0.6129666011787819	1.1106745252128356	0.17943680419122462	0.32940406024885394	0.15455140798952194	0.389652914210871	0.2501637197118533	1.346430910281598	0.13425016371971185	1.3339882121807465	5.585461689587427	0.7098886705959397	0.12573673870333987	0.5841519318925998	970.8677144728225	0.7518009168303864	0.15520628683693516	0.381139489194499
S4B26	251124_038	0.10502793296089385	0.5977653631284916	0.3463687150837989	135.2759776536313	0.7558659217877095	0.2966480446927374	2.077653631284916	1.1743016759776537	0.22849162011173185	0.5301675977653632	0.1324022346368715	4.132402234636872	10.749162011173185	0.09329608938547486	2.2206703910614527	13.237430167597765	0.2581005586592179	0.3016759776536313	0.12011173184357542	0.6631284916201118	2.9446927374301675	0.07039106145251396	0.2709497206703911	2.1849162011173187	1.0	0.49441340782122906	0.1430167597765363	0.5346368715083799	1.8698324022346369	0.17206703910614526	0.5173184357541899	1.5268156424581005	0.3865921787709497	0.2865921787709497	1.0513966480446928	0.16759776536312848	0.2547486033519553	0.15754189944134078	0.6776536312849162	0.2877094972067039	1.0938547486033519	0.03966480446927374	0.8603351955307262	4.318994413407821	0.5782122905027933	0.21340782122905028	0.30837988826815643	730.1027932960894	1.0636871508379888	0.19608938547486032	0.16033519553072625
S5A15	251124_039	0.05379746835443038	3.3848101265822783	22.30506329113924	14.95253164556962	0.48037974683544304	0.31962025316455694	1.4563291139240506	3.34746835443038	0.160126582278481	0.3050632911392405	0.09177215189873418	6.220886075949367	3.867088607594937	0.0620253164556962	4.093037974683544	9.524683544303798	0.1468354430379747	0.30949367088607593	0.10253164556962026	0.1670886075949367	1.6664556962025316	0.05506329113924051	0.2272151898734177	0.9012658227848102	1.0	0.4607594936708861	0.1651898734177215	0.11962025316455696	3.34746835443038	0.05443037974683544	0.33860759493670883	0.2582278481012658	0.48417721518987344	0.3221518987341772	0.7170886075949368	0.2563291139240506	0.19367088607594937	0.22278481012658227	0.5234177215189874	0.1949367088607595	1.2392405063291139	0.13734177215189874	0.7841772151898734	3.9949367088607595	0.8386075949367089	0.05949367088607595	0.5056962025316456	343.57784810126583	0.9981012658227848	0.9993670886075949	0.20506329113924052
S4B12	251124_040	0.29763779527559053	0.49343832020997375	4.6430446194225725	19.26036745406824	0.2141732283464567	0.30866141732283464	0.05774278215223097	0.7275590551181103	0.023097112860892388	0.049868766404199474	0.07611548556430446	2.0388451443569555	0.9091863517060368	0.07979002624671916	0.6257217847769029	7.063517060367454	0.7165354330708661	0.11863517060367454	0.07769028871391076	0.3679790026246719	0.8041994750656168	0.2824146981627297	0.08451443569553806	1.2404199475065616	1.0	0.2671916010498688		0.30603674540682413	1.4509186351706036	0.3968503937007874	0.5291338582677165	0.6283464566929133	1.6435695538057742	1.8	6.090813648293963	0.13175853018372705	0.658267716535433	0.1826771653543307	0.3459317585301837	0.15958005249343832	1.8876640419947506	0.14488188976377953	0.5601049868766405	1.6230971128608924	1.4677165354330708	0.08398950131233596	0.24776902887139107	45.52125984251968	0.5748031496062992	0.15065616797900264	0.10183727034120735
S4B2	251124_041	0.043187660668380465	1.6416452442159384	10.97840616966581	70.43496143958869	1.2596401028277635	0.16041131105398457	2.844730077120823	1.486375321336761	0.2745501285347044	0.40976863753213366	0.13676092544987148	3.2287917737789202	10.52236503856041	0.09254498714652956	2.042159383033419	6.05706940874036	0.09871465295629821	0.30282776349614393	0.07712082262210797	0.8740359897172236	1.0575835475578406	0.056041131105398455	0.31362467866323906	2.1562982005141387	1.0	0.4632390745501285	0.13470437017994857	0.2133676092544987	2.1568123393316196	0.15475578406169666	0.3424164524421594	0.306426735218509	0.39125964010282777	0.21079691516709512	0.552185089974293	0.15269922879177378	0.08586118251928021	0.36966580976863755	0.5172236503856041	0.18611825192802056	1.3439588688946016	0.15218508997429306	0.6488431876606684	3.58560411311054	0.7280205655526992	0.05809768637532134	0.29048843187660667	515.281233933162	0.8323907455012853	0.8370179948586118	0.1820051413881748
S4B18	251124_042	0.19879238272178357	0.03901532745006967	9.473757547607988	84.10682768230376	1.3353460287970274	0.46493265211333024	1.2559219693450998	1.8434742220157918	0.14026939154667906	0.25545750116117044	0.12912215513237343	7.913144449605202	8.221086855550395	0.1133302368787738	2.0232234091964703	18.762192289828146	0.13051555968416165	0.2963307013469577	0.15977705527171387	0.463539247561542	1.878309335810497	0.2368787738039944	0.13237343241987923	1.8049233627496517	1.0	0.6024152345564329	0.06177426846261031	0.6525777984208082	3.3190896423594984	0.1110078959591268	0.2619600557361821	1.1867162099396191	0.9029261495587553	0.7426846261031119	4.671156525777985	0.13237343241987923	0.6209939619136089	0.7464003715745472	0.4928007431490943	0.19182535996284256	3.006967022758941	0.1602415234556433	0.882954017649791	4.512772875058059	2.036228518346493	0.26010218300046445	0.4050162563864375	678.7668369716674	0.9591267998142127	0.15652577798420808	0.14723641430562007
S5A23	251124_043	0.04632152588555858	1.4005449591280654	14.954223433242507	30.13841961852861	1.15858310626703	0.32043596730245233	1.5831062670299727	2.3618528610354224	0.11607629427792915	0.2561307901907357	0.08065395095367847	7.791825613079019	2.2016348773841963	0.10136239782016349	1.6141689373297003	7.376021798365122	0.15967302452316076	0.29209809264305175	0.12861035422343325	0.15967302452316076	0.7989100817438692	0.07574931880108991	0.3008174386920981	0.3237057220708447	1.0	0.36021798365122615	0.14931880108991827	0.29155313351498635	1.506267029972752	0.05231607629427793	0.32806539509536786	0.8806539509536785	1.5198910081743868	0.9651226158038148	1.3389645776566756	0.11771117166212534	0.31444141689373295	0.19564032697547684	0.48392370572207083	0.23487738419618528	1.2457765667574932	0.1536784741144414	0.9024523160762943	4.2136239782016345	0.9602179836512261	0.08392370572207085	0.4326975476839237	667.3891008174387	0.9520435967302452	0.09536784741144415	0.34386920980926433
S5A13	251124_044	0.4749034749034749	0.1364221364221364	11.623337623337623	21.405834405834405	1.2054912054912055	0.4212784212784213	0.9227799227799228	1.4337194337194337	0.08923208923208924	0.19047619047619047	0.12140712140712141	5.223080223080223	5.585156585156585	0.060918060918060915	2.4337194337194337	15.488631488631489	0.1994851994851995	0.3783783783783784	0.07722007722007722	0.5418275418275418	1.7198627198627199	0.2552552552552553	0.13728013728013727	1.266838266838267	1.0	0.5233805233805234	0.07550407550407551	0.7674817674817674	2.658086658086658	0.34963534963534965	0.23680823680823682	1.2629772629772629	0.8695838695838696	0.7850707850707851	6.371514371514372	0.28142428142428144	0.821964821964822	0.2423852423852424	0.5542685542685543	0.17717717717717718	2.0283140283140284	0.09824109824109824	0.782925782925783	2.9536679536679538	1.057915057915058	0.1788931788931789	0.3003003003003003	570.97854997855	0.8575718575718576	0.17674817674817675	0.21836121836121836
S4B19	251124_045	0.022478736330498177	1.6591737545565006	5.957472660996355	13.856014580801943	0.8645200486026732	0.1543134872417983	1.3973268529769138	1.9586877278250303	0.31044957472660994	0.21385176184690158	0.06682867557715674	2.698055893074119	5.577764277035237	0.057715674362089915	1.034021871202916	3.154921020656136	0.13973268529769137	0.21081409477521262	0.1166464155528554	0.32746051032806806	0.7715674362089915	0.13547995139732685	0.1488456865127582	0.8833535844471446	1.0	0.22721749696233293	0.05528554070473876	0.12818955042527339	1.8207776427703524	0.04374240583232078	0.10267314702308628	0.14155528554070473	0.24119076549210205	0.244228432563791	0.48298906439854195	0.18833535844471447	0.13730255164034022	0.16281895504252733	0.32746051032806806	0.09416767922235723	1.0042527339003646	0.08930741190765493	0.5145808019441069	1.8025516403402186	0.735722964763062	0.05407047387606318	0.1597812879708384	139.6512758201701	0.212636695018226	0.0583232077764277	0.1221142162818955
S5A7	251124_046	0.292415949960907	0.22986708365910868	9.672400312744331	45.969507427677875	0.7873338545738858	0.45699765441751367	1.2083659108678655	1.7771696637998435	0.1344800625488663	0.24159499609069585	0.0676309616888194	4.725957779515246	9.849100860046912	0.058639562157935886	2.218921032056294	16.069976544175137	0.09929632525410477	0.24276778733385457	0.062157935887412044	0.6548084440969507	1.6383893666927287	0.2920250195465207	0.1364347146207975	2.6755277560594215	1.0	0.36942924159499607	0.1614542611415168	0.784206411258796	1.1747458952306489	0.5617670054730258	0.34597341673182175	1.5453479280688038	0.8893666927286943	0.4839718530101642	6.172400312744331	0.24784988272087569	0.6293979671618452	0.22478498827208757	0.33346364347146207	0.1782642689601251	2.3236903831118063	0.13487099296325253	0.7376856919468334	3.3467552775605944	1.109460516028147	0.07310398749022674	0.24081313526192338	552.091086786552	0.6110242376856919	0.6196247068021892	0.1524628616106333
S5A22	251124_047	0.0545876887340302	1.340882694541231	21.876887340301973	260.32752613240416	0.7607433217189314	0.2613240418118467	1.9500580720092915	1.1933797909407666	0.7293844367015099	0.4895470383275261	0.08013937282229965	4.441347270615563	15.57026713124274	0.1091753774680604	6.569105691056911	6.881533101045296	0.1713124274099884	0.3983739837398374	0.07491289198606271	1.2990708478513358	2.4692218350754938	0.156794425087108	0.4291521486643438	4.9332171893147505	1.0	0.429732868757259	0.18815331010452963	0.34843205574912894	4.275261324041812	0.3617886178861789	0.28339140534262486	0.45934959349593496	0.28397212543554007	0.21660859465737514	0.8937282229965157	0.18757259001161442	0.2775842044134727	0.20557491289198607	0.5180023228803716	0.25203252032520324	1.2363530778164924	0.07317073170731707	0.7526132404181185	3.4721254355400695	1.0238095238095237	0.46747967479674796	0.3008130081300813	615.732868757259	0.8385598141695703	0.8414634146341463	0.25667828106852497
S5A12	251124_048	0.14309859154929577	1.3870422535211269	12.162816901408451	110.15492957746478	1.0292957746478872	0.28901408450704225	1.0608450704225352	1.7014084507042253	0.26929577464788734	0.5115492957746479	0.08507042253521127	7.170704225352113	6.153239436619718	0.13014084507042253	4.341408450704225	6.927323943661972	0.0428169014084507	0.2304225352112676	0.10647887323943662	0.40056338028169014	0.7425352112676057	0.09070422535211267	0.20338028169014086	1.3126760563380282	1.0	0.31380281690140843	0.18140845070422534	0.4540845070422535	1.099718309859155	0.1628169014084507	0.20901408450704226	1.1904225352112676	0.37633802816901407	0.23098591549295774	0.9008450704225353	0.1171830985915493	0.21014084507042252	0.12450704225352113	0.4659154929577465	0.17746478873239438	0.9909859154929578	0.08845070422535212	0.5864788732394366	2.9864788732394367	0.6394366197183099	0.19154929577464788	0.4067605633802817	620.305352112676	0.47380281690140846	0.48338028169014086	0.29746478873239435
S4B37	251124_049		1.3195201744820066	21.50436205016358	235.27862595419847	0.9089422028353326	0.2099236641221374	2.060523446019629	1.5703380588876772	0.7137404580152672	0.604143947655398	0.10905125408942203	8.62431842966194	13.951472191930208	0.09051254089422028	5.410032715376227	7.8009814612868045	0.19629225736095965	0.14940021810250817	0.22519083969465647	0.8800436205016358	1.2148309705561613	0.04961832061068702	0.35823336968375136	3.8598691384950925	1.0	0.5190839694656488	0.3233369683751363	0.4563794983642312	1.251908396946565	0.10959651035986914	0.42802617230098144	1.4634678298800436	0.4820065430752454	0.5103598691384951	1.286259541984733	0.12213740458015267	0.3271537622682661	0.17884405670665213	0.7453653217011995	0.22464558342420937	1.3773173391494002	0.03544165757906216	0.7393675027262814	3.7535441657579063	0.7551799345692476	0.17011995637949837	0.2628135223555071	950.2568157033805	0.6134133042529989	0.2099236641221374	0.21428571428571427
S4B4	251124_050	0.0582010582010582	2.247234247234247	15.728234728234728	48.046657046657046	1.520923520923521	0.1750841750841751	1.4304954304954305	3.6272246272246274	0.20586820586820587	0.27705627705627706	0.08080808080808081	5.500721500721501	9.287157287157287	0.08273208273208273	1.0432900432900434	4.626743626743627	0.09427609427609428	0.20586820586820587	0.08946608946608947	0.7325637325637325	0.5757575757575758	0.0784030784030784	0.26695526695526695	1.4064454064454064	1.0	0.26551226551226553	0.034151034151034154	0.11447811447811448	1.5132275132275133	0.13083213083213083	0.19336219336219337	0.31505531505531503	0.518999518999519	0.49687349687349686	0.4973544973544973	0.18085618085618085	0.11063011063011063	0.2255892255892256	0.48388648388648386	0.19672919672919673	0.9215969215969216	0.04184704184704185	0.4651274651274651	2.1308321308321307	0.6623376623376623	0.14045214045214044	0.22607022607022606	420.6392496392496	0.3944203944203944	0.4001924001924002	0.08946608946608947
S5A31	251124_051	0.05073649754500818	3.426623022367703	13.477359519912712	66.95035460992908	1.9296235679214402	0.28914348063284234	3.8985270049099836	3.9699945444626294	0.36933987997817785	0.5008183306055647	0.1412984178941626	7.689579923622476	8.026732133115113	0.05673758865248227	2.485542825968358	6.871249318057829	0.09874522640480088	0.2138570649208947	0.15166393889798144	0.5428259683578832	1.6857610474631752	0.0894708128750682	0.20076377523186034	2.1052918712493183	1.0	0.24495362793235134	0.13747954173486088	0.18221494817239497	8.483360611020185	0.22531369339879978	0.20349154391707583	0.2225859247135843	1.2476813966175668	1.0698308783415167	3.7534097108565194	0.3557010365521004	0.5984724495362793	0.6044735406437534	0.3344244408074195	0.18603382433169668	1.0867430441898527	0.13693398799781778	0.5613747954173486	2.420621931260229	0.7370430987452264	0.15821058374249863	0.392253136933988	955.3742498636116	0.9268957992362248	0.9274413529732679	2.038188761593017
S5A30	251124_052	0.046484601975595584	2.957582800697269	11.429982568274259	49.84137129575828	1.589192330040674	0.2597327135386403	2.662986635676932	3.68390470656595	0.17315514235909354	0.24288204532248692	0.15107495642068564	7.3486345148169665	3.147588611272516	0.07553747821034282	1.1929110981987217	6.611853573503777	0.12783265543288785	0.23300406740267288	0.2347472399767577	0.2359093550261476	0.8756536897152818	0.08134805345729228	0.12492736780941313	0.6199883788495061	1.0	0.35095874491574663	0.07728065078442765	0.11272515979081929	8.124346310284718	0.10168506682161534	0.23416618245206275	0.15920976176641488	0.7484020918070889	0.495061011040093	2.833236490412551	0.18361417780360256	0.5764090644973853	0.3242300987797792	0.4363742010459035	0.15804764671702498	1.2806507844276582	0.05229517722254503	0.5490993608367228	1.7327135386403254	0.9674607786170831	0.10459035444509006	0.27309703660662404	556.1626961069146	0.7420104590354445	0.747239976757699	1.134805345729227
S5A24	251124_053	0.0803717878622198	0.6506287588846364	5.984691088026244	46.92728266812466	0.5926735921268452	0.31930016402405687	1.319300164024057	0.9300164024056862	0.2897758337889557	0.22088572990705305	0.05467468562055768	4.992345544013122	7.384909786768726	0.07271733187534171	2.4827774740295245	6.129579004920721	0.1060688901038819	0.31820667031164573	0.0847457627118644	0.5139420448332422	1.0092946965554948	0.11372334609075997	0.2728266812465828	2.4472389283761617	1.0	0.2689994532531438	0.15746309458720611	0.24658283214871515	1.120284308365227	0.01366867140513942	0.1858939311098961	0.797156916347731	0.30781848004373974	0.2553307818480044	0.6894477856752323	0.08146528157463094	0.13723346090759977	0.13340623291416073	0.2952433023510115	0.17769272826681246	1.025697102241662	0.09786768726079825	0.5385456533624932	2.7413887370147623	0.9245489338436303	0.05522143247676326	0.21049753963914708	415.2422088572991	0.6714051394204483	0.1131765992345544	0.1443411700382723
S4B16	251124_054	0.091324200913242	0.8086342880863429	7.909090909090909	38.393109173931094	0.9032793690327937	0.27480282274802825	0.2175176421751764	1.937733499377335	0.044001660440016604	0.12453300124533001	0.053134080531340805	3.6338729763387296	5.45662100456621	0.1004566210045662	1.7866334578663345	9.355334163553342	0.1403071814030718	0.1598173515981735	0.1004566210045662	0.44582814445828145	0.7957658779576587	0.26525529265255293	0.13325031133250312	1.0502283105022832	1.0	0.2760481527604815	0.058530510585305104	0.35823993358239936	1.8908260689082608	0.33955998339559984	0.35242839352428396	0.33540888335408886	0.518472395184724	0.6857617268576173	3.281859692818597	0.14570361145703611	0.37982565379825656	0.33250311332503113	0.43129929431299296	0.1398920713989207	1.6073059360730593	0.12826899128268993	0.6953092569530925	2.277708592777086	1.0024906600249066	0.099626400996264	0.3586550435865504	362.1162308011623	0.39933582399335826	0.40805313408053134	0.1930261519302615
S4B39	251124_055	0.06631578947368422	0.9278947368421052	14.052631578947368	91.19368421052631	1.0642105263157895	0.17578947368421052	1.293157894736842	1.2021052631578948	0.27842105263157896	0.3857894736842105	0.0868421052631579	1.7863157894736843	7.6352631578947365	0.13105263157894737	2.8757894736842107	9.377894736842105	0.18210526315789474	0.06421052631578947	0.10578947368421053	0.6931578947368421	1.361578947368421	0.04631578947368421	0.2431578947368421	1.5157894736842106	1.0	0.3526315789473684	0.06473684210526316	0.2231578947368421	1.1294736842105264	0.034210526315789476	0.2468421052631579	0.5615789473684211	0.31842105263157894	0.19894736842105262	0.5531578947368421	0.17894736842105263	0.11842105263157894	0.13105263157894737	0.4457894736842105	0.15421052631578946	1.5	0.05526315789473684	0.5757894736842105	2.6126315789473686	0.8078947368421052	0.2431578947368421	0.23105263157894737	388.94684210526316	0.6310526315789474	0.20210526315789473	0.12210526315789473
S5A1	251124_056	0.11548731642189586	0.493324432576769	7.317089452603471	48.73164218958612	0.25166889185580776	0.21895861148197596	0.6321762349799733	0.9299065420560748	0.260347129506008	0.205607476635514	0.03471295060080107	1.8931909212283045	6.636849132176235	0.06341789052069426	3.692923898531375	4.632843791722296	0.08878504672897196	0.16488651535380508	0.016688918558077435	0.548064085447263	0.5740987983978638	0.0801068090787717	0.08945260347129506	1.5033377837116155	1.0	0.2643524699599466	0.0520694259012016	0.1048064085447263	1.582109479305741	0.06675567423230974	0.25567423230974634	0.3678237650200267	0.27970627503337786	0.18958611481975968	0.46328437917222964	0.11214953271028037	0.10747663551401869	0.15353805073431243	0.40654205607476634	0.13351134846461948	1.0226969292389854	0.050066755674232306	0.5674232309746329	1.8384512683578105	0.8918558077436582	0.16889185580774366	0.14619492656875835	82.85647530040053	0.3204272363150868	0.13618157543391188	0.05740987983978638
S5A10	251124_057	0.08177905308464849	0.9612625538020086	17.58464849354376	52.639885222381636	0.9713055954088953	0.2532281205164993	1.4648493543758967	1.9375896700143471	0.17790530846484937	0.25896700143472023	0.09827833572453372	6.30416068866571	5.833572453371593	0.09469153515064563	4.031563845050215	5.850071736011477	0.14705882352941177	0.38091822094691535	0.1054519368723099	0.46628407460545196	0.524390243902439	0.06384505021520803	0.18938307030129126	0.5516499282639885	1.0	0.3048780487804878	0.11047345767575323	0.21664275466284075	1.1714490674318507	0.15136298421807748	0.3486370157819225	0.6492109038737446	1.0322812051649928	0.9124820659971306	0.8529411764705882	0.18651362984218078	0.14992826398852224	0.09971305595408896	0.5459110473457676	0.242467718794835	1.324964131994261	0.11836441893830703	0.9017216642754663	3.888809182209469	0.9548063127690101	0.07890961262553801	0.4103299856527977	741.9131994261119	0.6700143472022956	0.6664275466284074	0.1449067431850789
S5A25	251124_058	0.2534351145038168	0.18982188295165395	6.684478371501272	152.99185750636133	0.5012722646310432	0.344529262086514	0.9404580152671755	0.8910941475826972	0.1669211195928753	0.2748091603053435	0.06310432569974554	6.7180661577608145	8.534351145038167	0.08549618320610687	4.477862595419848	9.27175572519084	0.13231552162849872	0.26208651399491095	0.1440203562340967	0.6188295165394402	0.8870229007633588	0.17048346055979643	0.18625954198473282	2.7735368956743	1.0	0.30330788804071246	0.26106870229007634	0.46513994910941475	1.9374045801526718	0.25190839694656486	0.2870229007633588	1.1776081424936387	0.537913486005089	0.5068702290076336	2.2310432569974554	0.2580152671755725	0.5027989821882952	0.15063613231552161	0.40916030534351144	0.18422391857506362	1.5623409669211197	0.13129770992366413	0.6544529262086514	2.3455470737913484	1.0122137404580154	0.15318066157760815	0.3653944020356234	628.4030534351145	0.6824427480916031	0.689058524173028	0.26615776081424936
S5A19	251124_059	0.16922133660331085	2.705088902513795	18.282648681790313	178.1348865726548	2.2133660331085223	0.33292458614347026	2.232372777437155	4.60576333537707	0.2955242182709994	0.6033108522378908	0.11220110361741263	8.349478847332925	12.682403433476395	0.12691600245248313	2.7001839362354385	12.645003065603923	0.12998160637645617	0.30656039239730226	0.049049662783568364	0.8632740649908032	1.7449417535254446	0.08522378908645004	0.2158185162477008	1.7811158798283262	1.0	0.3666462293071735	0.1747394236664623	0.296137339055794	3.73635806253832	0.3261802575107296	0.34334763948497854	0.595340282035561	0.6033108522378908	0.6928264868179032	0.7326793378295524	0.25015328019619865	0.16554261189454322	0.6327406499080319	0.615573267933783	0.16738197424892703	1.2250153280196199	0.08031882280809319	0.9098712446351931	3.792152053954629	0.6321275291232373	0.27406499080318825	0.39914163090128757	1112.471489883507	0.5935009196811772	0.5726548129981607	0.2164316370324954
S5A32	251124_060	0.07685009487666034	3.702561669829222	11.887571157495255	52.13235294117647	0.6641366223908919	0.35056925996204935	3.25	3.72011385199241	0.19924098671726756	0.24146110056925996	0.10578747628083492	11.899905123339659	6.018975332068311	0.09724857685009487	1.2547438330170777	6.634250474383301	0.06973434535104364	0.24857685009487665	0.1484819734345351	0.3780834914611006	0.9928842504743833	0.04981024667931689	0.12239089184060721	1.2888994307400379	1.0	0.19971537001897532	0.07352941176470588	0.1840607210626186	12.187381404174573	0.03178368121442125	0.3040796963946869	0.14895635673624288	1.4027514231499052	0.9179316888045541	5.135199240986717	0.3083491461100569	0.6081593927893738	0.33396584440227706	0.43548387096774194	0.1252371916508539	0.8111954459203036	0.06214421252371916	0.5996204933586338	1.592504743833017	0.5180265654648957	0.10056925996204934	0.40654648956356737	665.8723908918406	0.780360531309298	0.7827324478178368	2.3372865275142316
S4B7	251124_061	0.044343891402714934	1.253393665158371	18.660633484162897	117.9918552036199	1.123076923076923	0.46153846153846156	2.804524886877828	3.05972850678733	0.3728506787330317	0.4841628959276018	0.10226244343891402	11.440723981900453	16.552036199095024	0.15294117647058825	4.566515837104072	10.390045248868779	0.3357466063348416	0.33122171945701356	0.2923076923076923	0.8262443438914027	0.9692307692307692	0.11221719457013575	0.653393665158371	1.7402714932126697	1.0	0.5276018099547511	0.12036199095022625	0.265158371040724	3.795475113122172	0.15294117647058825	0.36289592760180994	0.6760180995475114	1.5701357466063348	1.0805429864253393	1.7927601809954752	0.1411764705882353	0.40271493212669685	0.28778280542986423	0.7294117647058823	0.3601809954751131	1.5393665158371042	0.1330316742081448	1.1828054298642534	4.613574660633484	1.1420814479638008	0.08959276018099548	0.5710407239819004	1178.0950226244345	1.0823529411764705	1.109502262443439	0.14027149321266968
S5A4	251124_062	0.2401635155850792	0.400613183444047	17.339805825242717	83.08891159938682	0.48799182422074605	0.3091466530403679	1.0408788962698008	3.9294839039345937	0.10475217169136433	0.1829330608073582	0.14716402657128258	10.823198773633113	4.684210526315789	0.08788962698007154	1.7613694430250384	10.572815533980583	0.17629024016351558	0.2554931016862545	0.1665815022994379	0.3520694941236587	1.0393459376596832	0.2120592743995912	0.10730710270822688	1.1032192130812468	1.0	0.3765968318855391	0.07256004087889627	0.3086356668369954	3.1471640265712826	0.5084312723556464	0.32907511497189573	0.623403168114461	0.8906489524782831	0.8891159938681655	3.349514563106796	0.16249361267245785	0.6029637199795606	0.2922841083290751	0.5380684721512519	0.2846193152784875	1.5840572304547778	0.09964230965763925	0.8400613183444047	3.246806336228922	1.0153295861011753	0.10424118548799183	0.3939703628002044	672.5804803270312	0.8165559529892693	0.1548288196218702	0.17322432294328052
S4B23	251124_063	0.0675920337960169	0.9004224502112251	14.451418225709112	28.304164152082077	0.7809293904646952	0.22088111044055522	2.014484007242004	1.8581774290887145	0.24622812311406156	0.4333132166566083	0.09293904646952324	8.528062764031382	6.923958961979481	0.09474954737477369	2.6547978273989137	6.187688593844297	0.1744115872057936	0.27338563669281835	0.24984912492456246	0.5552202776101388	0.7097163548581774	0.07785153892576946	0.2444176222088111	1.3132166566083283	1.0	0.38986119493059745	0.1315630657815329	0.23295111647555825	3.3711526855763427	0.15630657815328908	0.2667471333735667	0.4948702474351237	0.4484007242003621	0.3602896801448401	0.5196137598068798	0.08992154496077248	0.23174411587205793	0.20941460470730236	0.49909474954737476	0.2184671092335546	1.3059746529873264	0.04224502112251056	0.6336753168376584	3.2226916113458057	0.6674713337356669	0.09112854556427279	0.28183464091732047	555.2757996378998	0.5678937839468919	0.11104405552202776	0.19855159927579963
S4B10	251124_064	0.07808716707021791	1.3801452784503632	14.946125907990314	44.9769975786925	1.158595641646489	0.47578692493946734	1.9055690072639224	1.8456416464891041	0.45036319612590797	0.35411622276029053	0.16707021791767554	13.605326876513317	13.869854721549636	0.06840193704600485	3.707627118644068	6.977602905569007	0.2536319612590799	0.18038740920096852	0.26997578692493945	1.0562953995157385	0.826271186440678	0.137409200968523	0.21973365617433413	2.232445520581114	1.0	0.3516949152542373	0.12106537530266344	0.4430992736077482	2.680992736077482	0.2391041162227603	0.2990314769975787	1.1004842615012107	0.5720338983050848	0.6059322033898306	2.13680387409201	0.17130750605326878	0.29963680387409203	0.1337772397094431	0.9915254237288136	0.21973365617433413	1.5145278450363195	0.06598062953995157	0.6543583535108959	3.623486682808717	0.7947941888619855	0.10835351089588378	0.3480629539951574	828.430387409201	0.6216707021791767	0.1228813559322034	0.3662227602905569
S5A11	251124_065	0.09227082085080887	1.1449970041941282	14.499101258238467	162.94967046135412	0.7956860395446375	0.39005392450569204	1.81725584182145	1.5680047932893948	0.32474535650089875	0.42600359496704615	0.07549430796884361	10.523666866387059	11.343918514080288	0.15458358298382266	5.967645296584782	9.05991611743559	0.1713600958657879	0.25584182144997003	0.11144397843019772	0.7681246255242661	0.9340922708208508	0.056920311563810666	0.25584182144997003	2.831036548831636	1.0	0.457159976033553	0.36309167165967643	0.341521869382864	1.8430197723187538	0.03714799281006591	0.27142001198322346	0.7735170760934691	0.5715997603355303	0.3816656680647094	1.2923906530856801	0.15997603355302575	0.24206111443978431	0.16177351707609347	0.4751348112642301	0.2408627920910725	0.8490113840623128	0.05871779508687837	0.70760934691432	3.196524865188736	0.43199520671060515	0.15937687237866988	0.4853205512282804	828.7435590173757	0.5883762732174955	0.5949670461354104	0.3690832834032355
S4B1	251124_066	0.36269786648313834		15.400550584996559	59.198210598761186	0.3922918100481762	0.33379215416379904	0.5911906400550585	0.7329662766689607	0.028905712319339298	0.23537508602890572	0.09359944941500344	2.8788713007570546	6.181693048864418	0.12181693048864418	4.302133516861666	13.548520302821748	0.20233998623537508	0.2099105299380592	0.10392291810048176	0.37302133516861663	0.7598072952512044	0.35443909153475567	0.27116311080523053	0.8926359256710255	1.0	0.4542326221610461	0.038540949759119064	0.5492085340674466	1.9449415003441157	0.6531314521679285	0.3489332415691672	1.11906400550585	0.8217481073640743	0.6338609772883689	3.5505849965588436	0.20302821748107364	0.5760495526496903	0.35168616655196144	0.5313145216792843	0.17343427391603577	2.81899518238128	0.18375774260151412	0.9483826565726085	4.052993805918788	1.6194081211286993	0.30006882312456984	0.4741913282863042	496.4762560220234	1.1135581555402616	0.25739848589125947	0.20165175498967652
S4B31	251124_067	0.04392624728850325	2.4067245119305856	13.349240780911062	42.10574837310195	1.9154013015184381	0.18600867678958785	2.4316702819956615	2.738069414316703	0.08026030368763558	0.28362255965292843	0.16648590021691975	7.848698481561822	1.6648590021691974	0.0797180043383948	1.2657266811279826	7.765726681127982	0.16106290672451193	0.07646420824295011	0.22342733188720174	0.14913232104121474	1.1220173535791758	0.06561822125813449	0.17462039045553146	0.3644251626898048	1.0	0.19251626898047722	0.08080260303687635	0.09056399132321041	5.096529284164859	0.01843817787418655	0.2586767895878525	0.16540130151843818	0.8899132321041214	0.6746203904555315	2.029284164859002	0.1334056399132321	0.3627982646420824	0.4360086767895879	0.29989154013015185	0.17082429501084598	1.032537960954447	0.061279826464208244	0.5276572668112798	2.5184381778741867	0.777114967462039	0.07754880694143167	0.30260303687635576	951.7749457700651	0.3497830802603037	0.0878524945770065	0.8888286334056399
S5A36	251124_068	0.2967930029154519	0.19825072886297376	7.081049562682216	64.26938775510204	0.40349854227405246	0.319533527696793	0.7889212827988338	0.6717201166180758	0.14752186588921282	0.2629737609329446	0.07521865889212828	5.095626822157435	9.826822157434401	0.0717201166180758	2.370262390670554	11.197084548104955	0.09912536443148688	0.2239067055393586	0.11370262390670553	0.43615160349854226	0.8198250728862974	0.2314868804664723	0.17667638483965015	2.2676384839650146	1.0	0.46938775510204084	0.22099125364431488	0.5498542274052478	1.7212827988338193	0.3813411078717201	0.4139941690962099	1.4583090379008747	0.9422740524781341	0.7434402332361516	3.25131195335277	0.2886297376093295	0.4769679300291545	0.20699708454810495	0.5049562682215744	0.40816326530612246	1.503206997084548	0.15626822157434403	0.8612244897959184	3.5755102040816324	1.193002915451895	0.16151603498542275	0.4956268221574344	797.1912536443149	1.0209912536443149	1.0122448979591836	0.9626822157434403
S4B5	251124_069	0.07152974504249292	2.2195467422096318	0.830028328611898	81.75212464589235	98.30028328611898	0.23937677053824363	1.8045325779036827	3.568696883852691	0.24858356940509915	0.3371104815864023	0.09348441926345609	5.786827195467422	4.53257790368272	0.0708215297450425	1.2245042492917848	6.29957507082153	0.14093484419263455	0.26628895184135976	0.18838526912181303	0.4114730878186969	0.7351274787535411	0.09773371104815864	0.2535410764872521	0.5630311614730878	1.0	0.32082152974504247	0.13031161473087818	0.1501416430594901	2.988668555240793	0.08923512747875353	0.2514164305949009	0.2797450424929179	1.0800283286118981	0.7039660056657224	1.405099150141643	0.1905099150141643	0.20821529745042494	0.386685552407932	0.4886685552407932	0.17988668555240794	2.071529745042493	0.10339943342776203	0.8781869688385269	3.41643059490085	1.0672804532577904	0.13526912181303116	0.32294617563739375	538.657223796034	0.278328611898017	0.09702549575070822	0.278328611898017
S5A14	251124_070	0.2810539523212045	0.10163111668757842	10.015683814303639	32.84567126725219	0.49560853199498117	0.5426599749058971	0.7616060225846926	0.8161856963613551	0.13111668757841907	0.3099121706398996	0.0821831869510665	2.3651191969887075	10.13237139272271	0.12170639899623588	3.8293601003764115	14.266624843161857	0.13739021329987453	0.1944792973651192	0.10476787954830614	0.49623588456712675	1.041405269761606	0.2565872020075282	0.15683814303638646	1.780426599749059	1.0	0.4360100376411543	0.04328732747804266	0.48243412797992474	1.6649937264742785	0.6191969887076537	0.2998745294855709	0.8877038895859473	0.5200752823086575	0.5388958594730239	3.1624843161856964	0.21706398996235884	0.5025094102885822	0.21267252195734002	0.3074027603513174	0.15307402760351319	2.0363864491844414	0.1028858218318695	0.6336260978670013	2.7139272271016313	1.1204516938519449	0.3111668757841907	0.2741530740276035	452.4749058971142	0.5614805520702635	0.5589711417816813	0.11417816813048934
S4B21	251124_071	0.057203389830508475	2.1638418079096047	19.948446327683616	55.1680790960452	1.6299435028248588	0.3509887005649718	2.8820621468926553	2.8757062146892656	0.4194915254237288	0.5338983050847458	0.096045197740113	7.915960451977401	15.67090395480226	0.067090395480226	3.6574858757062145	14.365112994350282	0.09533898305084745	0.20480225988700565	0.12782485875706215	0.9590395480225988	1.8298022598870056	0.09110169491525423	0.288135593220339	2.0762711864406778	1.0	0.5374293785310734	0.1228813559322034	0.2605932203389831	3.32909604519774	0.07909604519774012	0.3898305084745763	0.4661016949152542	0.9244350282485876	0.722457627118644	1.4216101694915255	0.2838983050847458	0.19491525423728814	0.565677966101695	0.5444915254237288	0.2132768361581921	1.2429378531073447	0.10240112994350282	0.931497175141243	4.211864406779661	1.2485875706214689	0.18785310734463276	0.4809322033898305	1261.6285310734463	0.8283898305084746	0.13206214689265536	0.2916666666666667
S4B38	251124_072	0.27031908488862133		6.665261890427454	82.86935580975316	1.0258880192655027	0.30523780854906685	0.9692956050571945	1.3245033112582782	0.15532811559301626	0.354003612281758	0.12462372065021071	4.25948223961469	9.173389524382902	0.11860325105358217	2.2859723058398553	19.363636363636363	0.3798916315472607	0.1782059000602047	0.08549066827212523	0.6207104154124021	1.6351595424443106	0.24021673690547862	0.1806140878988561	2.0078266104756173	1.0	0.5129440096327513	0.19987959060806743	0.8524984948826009	2.3479831426851296	0.47019867549668876	0.37748344370860926	1.5773630343166767	1.0806742925948225	0.7381095725466587	6.534617700180614	0.2992173389524383	0.7314870559903672	0.24744130042143286	0.4900662251655629	0.23600240818783866	2.0680313064419025	0.10716435881998795	0.9969897652016857	4.476219145093317	1.1300421432871763	0.34497290788681517	0.4015653220951234	1088.5123419626732	2.378687537627935	0.49367850692354004	0.1938591210114389
S5A8	251124_073	0.05378787878787879	2.503787878787879	18.54090909090909	27.763636363636362	0.7181818181818181	0.21893939393939393	1.465151515151515	4.440151515151515	0.06363636363636363	0.278030303030303	0.06136363636363636	5.50530303030303	4.760606060606061	0.11666666666666667	2.5757575757575757	9.850757575757576	0.06363636363636363	0.26666666666666666	0.12121212121212122	0.5295454545454545	1.178030303030303	0.03106060606060606	0.18409090909090908	0.8666666666666667	1.0	0.2446969696969697	0.055303030303030305	0.08787878787878788	2.66969696969697	0.1303030303030303	0.25	0.1590909090909091	0.7621212121212121	0.43636363636363634	0.803030303030303	0.15606060606060607	0.20227272727272727	0.3090909090909091	0.5265151515151515	0.14772727272727273	1.0333333333333334	0.05378787878787879	0.781060606060606	3.4863636363636363	0.9068181818181819	0.12803030303030302	0.48484848484848486	175.28030303030303	0.571969696969697	0.5765151515151515	0.1143939393939394
S4B17	251124_074	0.174408014571949	0.13296903460837886	10.931693989071038	33.83196721311475	0.49453551912568305	0.23816029143897996	0.6038251366120219	1.2204007285974499	0.07695810564663023	0.12340619307832422	0.056010928961748634	4.175318761384335	2.366120218579235	0.0692167577413479	1.4626593806921675	8.183970856102004	0.10063752276867031	0.1407103825136612	0.06967213114754098	0.14116575591985428	0.6183970856102003	0.10655737704918032	0.15072859744990894	0.31375227686703094	1.0	0.27413479052823314	0.027777777777777776	0.46311475409836067	2.774134790528233	0.09289617486338798	0.16393442622950818	0.7873406193078324	0.41939890710382516	0.3652094717668488	3.045537340619308	0.1994535519125683	0.3925318761384335	0.2836976320582878	0.3574681238615665	0.1766848816029144	3.198087431693989	0.06284153005464481	0.8155737704918032	3.384335154826958	1.3916211293260474	0.15300546448087432	0.3132969034608379	521.5350637522769	0.5250455373406193	0.11520947176684881	0.1657559198542805
S5A2	251124_075	0.08134490238611713	1.4360086767895879	14.21583514099783	10.839479392624728	1.3373101952277657	0.2440347071583514	0.972885032537961	2.549891540130152	0.21691973969631237	0.27114967462039047	0.04880694143167028	3.6941431670281997	4.663774403470716	0.1399132321041215	1.7364425162689805	4.2321041214750545	0.07158351409978309	0.23752711496746204	0.10954446854663774	0.2917570498915401	0.5021691973969631	0.1279826464208243	0.13123644251626898	0.7245119305856833	1.0	0.4403470715835141	0.03253796095444685	0.2592190889370933	1.3850325379609545	0.09219088937093275	0.306941431670282	0.24837310195227766	0.289587852494577	0.39370932754880694	0.5509761388286334	0.19088937093275488	0.13774403470715835	0.11822125813449023	0.3481561822125813	0.16268980477223427	1.4891540130151844	0.0737527114967462	0.7288503253796096	0.710412147505423	0.8481561822125814	0.1279826464208243	0.3232104121475054	282.3579175704989	0.6084598698481561	0.09436008676789588	0.13665943600867678
S4B35	251124_076	0.26826666666666665	0.22933333333333333	20.657066666666665	164.0352	0.4304	0.32106666666666667	0.07733333333333334	1.2789333333333333	0.04	0.0272	0.0352	7.0512	2.4069333333333334	0.072	2.0677333333333334	8.2112	0.18186666666666668	0.15093333333333334	0.1744	0.3178666666666667	0.4650666666666667	0.2368	0.1312	0.6826666666666666	1.0	0.4016	0.024	0.4608	1.0538666666666667	0.4693333333333333	0.46453333333333335	0.7733333333333333	1.1925333333333332	0.8704	4.4192	0.15413333333333334	0.6010666666666666	0.1936	0.6522666666666667	0.1808	1.6128	0.09813333333333334	0.72	3.018666666666667	0.9221333333333334	0.04533333333333334	0.44906666666666667	756.4869333333334	0.5776	0.14453333333333335	0.136
S5A16	251124_077		1.5912531539108494	12.755256518082422	25.016820857863753	0.8351555929352397	0.2514718250630782	1.3229604709840201	2.7855340622371743	0.37846930193439865	0.4255677039529016	0.0992430613961312	5.904962153069807	8.02775441547519	0.06307821698906645	5.210260723296888	9.068965517241379	0.12699747687132043	0.35912531539108494	0.09167367535744322	0.488645920941968	1.1227922624053828	0.13624894869638352	0.2531539108494533	0.9318755256518082	1.0	0.45164003364171573	0.07737594617325484	0.3406223717409588	2.3582842724978974	0.24053826745164003	0.368376787216148	0.8460891505466779	0.4306139613120269	0.4095878889823381	0.9512195121951219	0.18502943650126155	0.41715727502102606	0.25988225399495374	0.3927670311185871	0.23465096719932715	1.4667788057190916	0.0672834314550042	1.0874684608915055	4.407905803195963	0.768713204373423	0.1438183347350715	0.37846930193439865	1160.0336417157275	0.6248948696383515	0.10933557611438183	0.1631623212783852
S4B15	251124_078		0.6467391304347826	16.425465838509318	53.12888198757764	0.6195652173913043	0.32298136645962733	1.610248447204969	3.5100931677018634	0.21428571428571427	0.34006211180124224	0.11335403726708075	5.1894409937888195	12.945652173913043	0.06133540372670807	3.1801242236024843	15.625	0.19099378881987578	0.18555900621118013	0.1622670807453416	0.8788819875776398	1.0287267080745341	0.22127329192546583	0.39751552795031053	1.4984472049689441	1.0	0.5830745341614907	0.05124223602484472	0.5023291925465838	4.271739130434782	0.4107142857142857	0.3330745341614907	0.5520186335403726	0.8742236024844721	0.45652173913043476	3.5217391304347827	0.20885093167701863	0.4611801242236025	0.30978260869565216	0.84472049689441	0.1545031055900621	2.7142857142857144	0.1343167701863354	1.1048136645962734	3.6645962732919255	1.3478260869565217	0.09083850931677019	0.49301242236024845	362.7026397515528	0.7585403726708074	0.17158385093167702	0.2453416149068323
S4B36	251124_079	0.0586145648312611	0.6749555950266429	27.215808170515096	229.9271758436945	0.477797513321492	0.30905861456483125	1.9573712255772646	1.785968028419183	0.20781527531083482	0.43960923623445824	0.0630550621669627	8.756660746003552	9.124333925399645	0.13765541740674955	4.364120781527531	7.881882770870337	0.27264653641207814	0.20159857904085257	0.46003552397868563	0.69449378330373	0.5035523978685613	0.07460035523978685	0.3463587921847247	0.7015985790408525	1.0	0.436056838365897	0.050621669626998225	0.33037300177619894	1.625222024866785	0.08259325044404973	0.6207815275310835	1.1500888099467141	0.6172291296625222	0.5008880994671403	1.3170515097690942	0.16518650088809947	0.19449378330373002	0.22380106571936056	0.8063943161634103	0.18738898756660746	1.6119005328596803	0.07104795737122557	0.7975133214920072	3.649200710479574	0.8703374777975134	0.108348134991119	0.46714031971580816	672.6571936056838	0.5905861456483126	0.0763765541740675	0.42451154529307283
S4B28	251124_080	0.0850673194614443	0.5844553243574051	9.623623011015912	41.83782129742962	0.4883720930232558	0.5881272949816402	1.8170134638922888	4.340269277845778	0.07343941248470012	0.2729498164014688	0.0740514075887393	9.687270501835986	4.724602203182375	0.14504283965728273	2.127906976744186	23.092411260709913	0.24908200734394126	0.2613219094247246	0.23929008567931456	0.36046511627906974	1.0042839657282743	0.25152998776009794	0.1744186046511628	0.7356181150550796	1.0	0.3659730722154223	0.08567931456548347	0.38922888616891066	19.958996328029375	0.48408812729498163	0.4149326805385557	0.3959608323133415	1.058139534883721	0.6419828641370869	5.4241126070991434	0.28886168910648713	0.8102815177478581	0.48164014687882495	0.5269277845777234	0.1701346389228886	3.234394124847001	0.18910648714810283	0.883108935128519	3.080171358629131	2.0030599755201957	0.105875152998776	0.4694002447980416	455.9247246022032	0.8996328029375765	0.9173806609547124	2.164626682986536
