Sample	Rawname	[8871] 2-hydroxypyridine [6.519] Results	[107689] L-(+) lactic acid [6.851] Results	[757] glycolic acid [7.049] Results	[5950] L-alanine 1 [7.4748] Results	[971] oxalic acid [7.883] Results	[6287] L-valine 2 [9.151] Results	[5951] L-serine 1 [9.706] Results	[6106] L-leucine 2 [9.945] Results	[1004] phosphoric acid [9.966] Results	[791] DL-isoleucine 2 [10.225] Results	[145742] L-proline 2 [10.321] Results	[750] glycine [10.456] Results	[1110] succinic acid [10.509] Results	[439194] glyceric acid [10.735] Results	[760] glyoxylic acid [10.813] Results	[638129] citraconic acid [10.792] Results	[444972] fumaric acid [10.94] Results	[5951] L-serine 2 [11.174] Results	[5950] L-alanine 2 [11.182] Results	[439742] beta-cyano-L-alanine [11.288] Results	[6288] L-threonine 2 [11.464] Results	[239] Beta- alanine  1 [12.044] Results	[12647] L-homoserine 2 [12.359] Results	[92824] D-malic acid [12.794] Results	[5960] aspartic acid 2 [13.207] Results	[7405] L-pyroglutamic acid [13.218] Results	[119] gamma-aminobutyric acid (GABA) [13.326] Results	[5460407] threonic acid [13.652] Results	[51] alpha ketoglutaric acid [13.859] Results	[236] L-asparagine 1 [14.496] Results	[33032] L-glutamic acid 2 [14.398] Results	[236] L-asparagine 1 [14.496] Results.1	[428] 1,3-diaminopropane 1 [14.708] Results	[236] L-asparagine 2 [14.984] Results	[827] ribitol [15.66] Results	[754] glycerol 1-phosphate [16.056] Results	[738] L-glutamine 3 [16.092] Results	[8742] shikimic acid [16.433] Results	[311] citric acid [16.615] Results	[94214] methyl-beta-D-galactopyranoside   [16.935] Results	[190] adenine 1 [17.066] Results	[6508] quinic acid [17.076] Results	[5984] fructose 2 [17.288] Results	[448388] D-allose 1 [17.278] Results	[24749] D-glucose 1 [17.426] Results	[5962] L-lysine 2 [17.643] Results	[448388] D-allose 2 [17.521] Results	[6057] tyrosine 2 [17.871] Results	[6251] D-mannitol [17.81] Results	[128869] galactonic acid 2 [18.504] Results	[985] palmitic acid [18.846] Results	[204] allantoin 3 [19.167] Results	[445858] ferulic acid [19.312] Results	[101713] glucoheptonic acid 2 [19.615] Results	[892] myo-inositol [19.354] Results	[5281] stearic acid [20.675] Results	[439958] D-glucose-6-phosphate 2 [21.558] Results	[5202] serotonin 1 [22.532] Results	[5202] serotonin 2 [22.767] Results	[60961] adenosine [23.825] Results	[5988] Sucrose [23.988] Results	[6255] maltose 1 [24.702] Results	[16219560] lactobionic acid 1 [24.583] Results	[441422] beta-gentiobiose 2 [25.42] Results	[439451] galactinol 2 [26.479] Results
S4A35	251118_004			0.0022876221095585506	1.1241807839742797	7.934277235068628	0.08850624459008286	0.0960492147891678	0.06238407320390751	36.746784963521705	0.031439347100284405	0.06869049091133919	0.9041053542722889	0.11465932978854952	0.1978483986645233	0.03567453938419686	0.012334611104241375	0.05756151848645975	1.480617039693335	0.4002102139235811	0.14835538518610114	0.23819092370471126	0.046741684184493634	0.08955731420798813	4.484141214294547	6.49211697786571	3.2951341659453446	0.08151972301224188	0.24619760108816618	0.08315815506368246	0.14813898850006182	4.650148386298999	0.13908124149870163	0.13425868678125386	15.322121924075677	1.0	0.4607703722023	0.25460615803140846	0.14362557190552738	1.859774947446519	0.1347842215902065	0.06124026214912823	0.3625881043650303	0.7210646716953135	0.6070854457771733	0.894522072461976	0.05873624335353036	0.15391987139854088	0.12606652652405095	0.9818226783726969	0.20715345616421418	0.8009150488438235	0.0520588598986027	0.08828984790404353	0.3010387040929888	2.1644923952021764	0.5879188821565475	0.11082601706442438	0.09515271423271918	0.07283294175837764	0.41563620625695563	56.21141956226042	0.5677630765425993	0.032737727216520345	0.019135649808334362	0.09629652528749845
S4A9	251118_005		0.006764783526927138	0.0028049102428722283	0.4699379619852165	0.7833949313621964	0.1260889651531151	0.039730728616684266	0.17037354804646251	30.837183210137276	0.07754751847940866	0.13674762407602956	0.4676280359028511	0.12846488912354806	0.19030491024287222	0.03243796198521647	0.012671594508975714	0.047551478352692717	1.4042370644139388	0.3991552270327349	0.12780491024287222	0.3895525343189018	0.0839163146779303	0.05025739176346357	2.0263001583949314	8.47459081309398	3.6741354276663145	0.13836457233368532	0.3073521647307286	0.027257127771911298	0.23049762407602956	8.941723864836325	0.38466869060190073	0.1376715945089757	18.207761351636748	1.0	0.5106586589229145	0.1650607180570222	0.15565601900739176	4.402356124604013	0.17360744456177402	0.056923178458289335	0.5876121964097148	0.49584213305174235	0.5253101900739177	0.9894733368532207	0.13569165786694826	0.1526861140443506	0.24868004223864837	0.9218255015839493	0.17423442449841606	0.782503959873284	0.047881467793030624	0.1660176874340021	0.36064545934530096	3.2430042238648364	0.5552732312565998	0.05266631467793031	0.10411166842661035	0.08071541710665259	0.345960929250264	45.6226570749736	1.2608236536430835	0.10153775079197466	0.02009635691657867	0.19607972544878563
S4A24	251118_006	0.02186878727634195	0.02416271601162257	0.004511393179385227	0.9075546719681908	9.56858846918489	0.15029056430646887	0.05161339654381404	0.06040679002905643	37.489944945710356	0.032803180914512925	0.07199113014222358	0.7402890350206454	0.1834760666768619	0.2727863587704542	0.05260743232910231	0.018733751338125097	0.06908548707753479	2.423956262425447	0.5341795381556813	0.10487077534791253	0.4047637253402661	0.033720752408625175	0.11404649028903502	4.502179232298516	9.343324667380333	5.587895702706836	0.18110567365040525	0.3425217923229852	0.09886832849059489	0.18576999541214254	4.545228628230617	0.21387062241933016	0.10907631136259367	11.468382015598715	1.0	0.6093057042361217	0.768198501299893	0.2605520721822909	1.8623642758831627	0.12245756231839731	0.14696436764031198	1.7577993576999542	1.069811897843707	0.3702400978742927	1.31629454044961	0.04710200336442881	0.19276647805474842	0.06962073711576694	0.7475149105367793	0.19177244226946016	0.779285823520416	0.023130448080746293	0.10089463220675944	0.3539532038538003	3.661951368710812	0.5909542743538767	0.10207982871998776	0.1187490441963603	0.10387673956262425	0.45664474690319623	54.66409236886374	0.6539990824285059	0.02940051995718	0.01525462608961615	0.2235433552530968
S4A39	251118_007			0.0019078947368421052	0.8155592105263157	6.138421052631579	0.11430921052631579	0.040197368421052634	0.0855921052631579	33.38236842105263	0.05858552631578948	0.09759868421052631	1.3441447368421053	0.09098684210526316	0.15203947368421053	0.03394736842105263	0.014967105263157894	0.042105263157894736	1.3837171052631578	0.44046052631578947	0.08608552631578947	0.31108552631578945	0.05855263157894737	0.09536184210526316	0.8392434210526316	2.947171052631579	3.4202631578947367	0.13664473684210526	0.18223684210526317	0.020394736842105264	0.17220394736842104	7.469901315789474	0.2030921052631579	0.09322368421052632	8.77078947368421	1.0	0.22769736842105262	0.09398026315789473	0.17319078947368421	1.1882565789473685	0.10575657894736842	0.9061513157894737	0.6399013157894737	0.4062828947368421	0.31700657894736844	0.40210526315789474	0.06421052631578947	0.0900328947368421	0.11029605263157895	0.5531907894736842	0.11598684210526315	0.847171052631579	0.010493421052631579	0.06013157894736842	0.3267763157894737	2.873651315789474	0.4924342105263158	0.10546052631578948	0.03036184210526316	0.02305921052631579	0.14921052631578946	46.594144736842104	0.4401644736842105	0.056875	0.01638157894736842	0.06361842105263157
S2B2	251118_008			0.004832696644727758	1.4502692502416348	0.6465687853822433	0.13849127813319834	0.03576195517098541	0.1682238689188567	51.30666912136972	0.07658673539835228	0.15381783034933494	0.9289823721636673	0.1581902701707553	0.09449072582501035	0.057854282689740875	0.008975008054494409	0.0565195379021494	1.3681134072812628	0.8455378100980347	0.06554057163897455	0.3375523542136512	0.06664518801491232	0.04087080590969761	1.8252404841901781	1.610070419293966	3.3569751921572237	0.07244442398858562	0.16293091545082156	0.11124407419339992	0.16122796520458416	5.040824780227367	0.14281769227228794	0.11414369218023657	5.121737929764809	1.0	0.4280388456758871	0.16767156073088785	0.15354167625535048	1.736733097068164	0.24591522069314678	0.0265568187048373	0.4602568233074055	0.2959451373866618	0.5067887881437843	0.6400331384912782	0.07281262944723156	0.12136972430616284	0.23008238597137204	0.9130574860772311	0.17255028305794634	1.240346113131127	0.023933354811985087	0.06351544161642196	0.4218714042435679	3.017627836332674	0.8589773093386109	0.08376674184194781	0.05518479311455792	0.11124407419339992	0.25801997514613156	56.308786302756936	0.42665807520596494	0.034427210383393934	0.014590141298844755	0.07934827633819672
S2B15	251118_009	0.029176836032837807	0.02329709341025072		5.2692108571851195	7.006434435322831	0.18474964869462318	0.04788846978773759	0.3733081872642556	45.12646993565565	0.1291694401301679	0.4109533318541528	0.48062273500480734	0.18038606611936986	0.09644257081576807	0.04444937504622439	0.010428222764588418	0.16307965387175505	2.4454552178093336	2.7861104947858886	0.013608460912654389	0.23260113896901116	0.05273278603653576	0.032985725907847055	5.953553731232897	3.949818800384587	8.204718585903409	0.08523777827083795	0.1961763183196509	0.06759855040307669	0.03897640707048295	5.483876932179572	0.005916722135936691	0.10994009318837364	0.3727534945640115	1.0	0.2559352118926115	0.4350639745580948	0.08361067968345537	4.253013830337993	0.12476887804156497	0.0231121958435027	0.12365949264107684	1.4375416019525182	0.3396568301161157	4.201427409215294	0.07599289993343687	0.5943717180681902	0.2714666074994453	0.9707122254271133	0.11519118408401745	0.7094519636121589	0.01490274387989054	0.01386731750610162	0.2937652540492567	1.6576066858960137	0.4657199911249168	0.07395902669920863	0.03986391539087346	0.07159233784483396	0.17498705717032764	51.74173507876636	0.6194808076325715	0.1380445233340729	0.012979809185711117	0.18441683307447673
S4A3	251118_010		0.025302045462891557	0.0035253938525944693	3.122140207851346	5.7987954904336965	0.258639051081488	0.0342624215049025	0.15699019499834746	32.31937864933348	0.13829826300907055	0.14270500532481364	2.238771987808013	0.1766369211560354	0.14795637325107414	0.03701663545224193	0.01692923506297969	0.04759281701002534	2.035510998494363	1.0567735301678234	0.12628989019867062	0.3613528698909331	0.05677353016782344	0.1066431640409827	2.712533509603026	2.155925232272043	3.8978003011273916	0.04513238588373545	0.26238478204986965	0.04807021409423084	0.38544306121699534	4.4087987954904335	0.49109470823693585	0.1211119679776725	18.40189489919577	1.0	0.37236972568029086	0.1940802761558518	0.13576438617751826	2.2014982923873525	0.10969116080937168	0.0786603503360141	0.43597370643751604	0.5036172009841724	0.3122911387756601	0.5922661672358709	0.0907421688516764	0.11619110572509272	0.2770004773970842	0.6447064007932136	0.19657743013477286	0.7731262164444934	0.05221989644155558	0.1428151738827072	0.2968675406705593	2.6170173699092945	0.41669420880614005	0.06459549777826741	0.12232382211450185	0.21273548529249753	0.5271198266681356	50.13293672652492	0.9011788035694612	0.01861848628401454	0.007748521905181594	0.1280158642723367
S2B11	251118_011		0.003949661181026138	0.0018586640851887706	0.4990900290416263	0.521161665053243	0.06203291384317522	0.014675701839303001	0.049370764762826716	46.0962633107454	0.014636979670861569	0.05088092933204259	0.43167473378509197	0.09250726040658278	0.3308809293320426	0.03980638915779284	0.028383349467570183	0.0699322362052275	1.8009680542110358	0.5967860600193611	0.017347531461761857	0.20979670861568248	0.029545014520813165	0.0420135527589545	2.4792255566311714	5.5376960309777346	3.8863117134559535	0.059709583736689255	0.15256534365924493	0.13014520813165537	0.04081316553727009	3.4912294288480155	0.0423620522749274	0.08453049370764763	0.7098160696999032	1.0	0.26466602129719263	0.08464666021297193	0.13297192642787997	0.9797870280735721	0.12971926427879962	0.019090029041626332	1.0248983543078412	0.19031945788964183	0.33537270087124876	0.41246853823814134	0.024162633107454017	0.07969022265246854	0.04205227492739593	0.7633688286544047	0.154540174249758	0.8968441432720232	0.011345595353339786	0.02032913843175218	0.35519845111326237	1.7091190706679573	0.5162826718296225	0.08491771539206196	0.0336108422071636	0.0570377541142304	0.1892352371732817	51.05912875121007	0.41355275895450144	0.024356243949661183	0.017192642787996128	0.185324298160697
S4A4	251118_012	0.027766599597585512	0.008410462776659959	0.0035814889336016095	4.508209255533199	10.506961770623743	0.25569416498993963	0.021287726358148892	0.33283702213279676	37.91879275653923	0.15356136820925553	0.2283702213279678	1.8574245472837023	0.17851106639839034	0.22346076458752515	0.11150905432595573	0.013078470824949699	0.06655935613682093	1.6329979879275653	1.6192354124748491	0.13541247484909458	0.3107042253521127	0.04338028169014085	0.09062374245472837	4.669859154929577	2.615774647887324	4.22841046277666	0.049577464788732394	0.34414486921529175	0.06338028169014084	0.3619718309859155	4.2991549295774645	0.27396378269617705	0.11287726358148893	12.832877263581489	1.0	0.3017706237424547	0.1505835010060362	0.0993158953722334	2.5361368209255533	0.12583501006036218	0.0904225352112676	0.36466800804828975	0.8155734406438632	0.4298993963782696	0.9235412474849095	0.09525150905432596	0.15714285714285714	0.29412474849094566	0.6948490945674044	0.1911066398390342	1.0175855130784708	0.03243460764587525	0.1786317907444668	0.454486921529175	3.4620120724346077	0.6704225352112676		0.08233400402414487	0.08772635814889336	0.6894567404426559	68.04434607645875	0.5216901408450704	0.020724346076458754	0.016056338028169016	0.1185513078470825
S2B19	251118_013		0.021804585911391988	0.005889554312940476	3.493432154319558	10.438573272011382	0.3431823445720147	0.046785560665718165	0.36389504681864804	33.0997584620984	0.2690996922873308	0.5657280878800913	5.457697779836549	0.1561724514442643	0.12947093273334878	0.04106144327168051	0.015551070376865301	0.08553088707275916	3.8023028819111273	1.7873142970585316	0.14786751811534263	0.5497137941302981	0.11643450352380637	0.14316910961850246	2.5424345696985737	3.4558448863448366	8.58726797472124	0.06002051417794395	0.20567117757998876	0.05138470701121663	0.7747741786056976	10.06915263210138	0.14181252688349932	0.14799986765046488	18.797505211262944	1.0	0.41838996790523775	0.4908182510008934	0.1653045693677001	2.4898918042550378	0.23574760943652184	0.03159845151043907	0.7152499751844622	0.4932336300168746	0.3516527148198392	0.9371670582007081	0.18816795156007016	0.14280514839691624	0.6286272044469444	0.8569963273004003	0.15703272342255897	0.993084736789862	0.05323760050292824	0.07345399199285313	0.3642920954240148	3.6064255699301855	0.7393706779604937	0.07361942891175595	0.1677199483836813	0.2900109188366476	0.37636899050392086	46.06091387354002	0.4492274095887238	0.07358634152797539	0.017139264798332395	0.06405717499917282
S2B16	251118_014	0.021374107722258274	0.03694841012329656	0.003447436729396496	6.115144386761843	7.890128163530175	0.21106424399740428	0.06018818948734588	0.6157121998702142	49.92103341985724	0.18478260869565216	0.7248945489941596	4.977733614536016	0.35155743024010383	0.1547290720311486	0.08744321868916288	0.013830304996755353	0.16527417261518496	4.420952303698897	3.4868997404282935	0.013100259571706683	0.30621349772874756	0.045749513303049966	0.058768656716417914	6.386721284879948	4.822233939000649	8.393940622972096	0.07093608046722907	0.20230369889682023	0.15298507462686567	0.03439325113562622	5.310228747566515	0.020562946138870865	0.11668559377027904	0.3263708630759247	1.0	0.33886275146009087	0.3043883841661259	0.061202141466580144	4.183971447112265	0.18883841661258924	0.02429428942245295	0.14256164828033743	1.1006651524983777	0.33399578195976637	2.7257462686567164	0.09445976638546398	0.41138059701492535	0.3411340038935756	0.6924886437378326	0.13688351719662556	1.1309214795587281	0.015330953926022064	0.01277579493835172	0.3820571057754705	2.1084117456197276	0.8021171317326411	0.044897793640493185	0.06103990914990266	0.11429266709928618	0.3083225178455548	71.69435431537963	0.7091985723556132	0.032568137573004544	0.019832900713822193	0.26480369889682026
S2B28	251118_015	0.01590056936536592	0.02520483266213026	0.0017358700180530482	4.835161783085683	0.6739341758089155	0.19532009443132897	0.02444104985418692	0.35526315789473684	29.31148451603944	0.1489723649493126	0.3525899180669351	0.7563185668657131	0.08710595750590196	0.11484516039438966	0.031106790723510625	0.008471045688098875	0.17702402444104987	6.279336203305096	2.2850645743646716	0.08762671851131787	0.24184141091515068	0.08606443549507013	0.09797250381891404	8.143521733092626	6.169525065963061	6.847937786418553	0.0864463268990418	0.16046382446882376	0.10873489793084294	0.15862380224968756	9.934939591723372	0.02301763643938342	0.10526315789473684	5.172892653798083	1.0	0.2707957228162755	0.5207610054159144	0.10686015831134564	17.527704485488126	0.24142480211081793	0.016178308568254408	0.29381335925565893	0.8335995000694348	1.7501388696014442	17.36741424802111	0.20754061935842244	1.6369601444243855	0.4011595611720594	0.38973753645327036	0.10710318011387307	0.91001249826413	0.025031245660324955	0.03870990140258297	0.3093320372170532	1.2280933203721704	0.626996250520761	0.08800860991528954	0.16299819469518123	0.137237883627274	0.24576447715595057	62.34179280655464	1.0349604221635884	0.051659491737258714	0.009547285099291765	3.6222746840716566
S4A33	251118_016	0.010419335553847468	0.034674182252967804	0.002263216329319327	3.914168588265437	0.5269450849773678	0.21769578956358357	0.019173285506875054	0.40443248782987445	35.623708258604495	0.1894696387394312	0.34311213596378853	0.36403621146126913	0.1606456571867794	0.19399607139806985	0.06695704159193783	0.013835511145272867	0.07408830813903834	3.152276026987787	1.5412930224613546	0.04825348022888377	0.39456828080963363	0.10295499188658297	0.10440686651293876	5.225168673669827	2.235588009223674	6.664360748142455	0.11738833376035528	0.20035869843709966	0.21000939448287642	0.14950038431975404	10.690024767273037	0.16226834059270648	0.09680587582201725	3.418054488000683	1.0	0.264155777606969	0.06802459646425826	0.08685626441199078	27.63216329319327	0.13442650952258947	0.06072252113758647	0.23844905628149288	0.9581518490050389	0.34358186010760955	7.384319754035357	0.08173200102485267	0.8519514903066018	0.28260312580066616	1.2666752071056453	0.19660090528653174	1.134084891963447	0.03693739858228713	0.13464002049705354	0.39132291399777946	2.863352976342984	0.8671534716884448		0.14390639678879494	0.17200444102826884	0.5270731915620462	60.01268255188317	1.2668460158852164	0.20193867964813392	0.020838671107694936	3.6628234691263133
S2B26	251118_017		0.002654673787438708		2.0308566788469347	4.144601642774602	0.19694556357162935	0.04990786720384772	0.08463724663481058	34.34566975858084	0.0554670664293076	0.12623754645679128	1.73665636028608	0.10662419188606764	0.1900121802679659	0.042068771666822824	0.012961054373965457	0.05543583497298479	3.4434554483275557	1.5721290483775259	0.1777382179331022	0.7413410787345014	0.08488709828539305	0.15484556044848372	3.7236016115431463	5.8563040694587585	11.694931134638809	0.1645897748211999	0.2478216059214841	0.048002748368156406	0.7639214216558918	16.572972297698243	0.8447171991629969	0.20853243386739123	22.284987038945626	1.0	0.5293419532152784	1.276679471563759	0.6912770542490396	9.260251725537962	0.2492582529123333	0.046909647396858115	2.8300696461476	0.39779505918360974	0.7421843280552172	1.9418782597832538	0.10809207033323964	0.2870483150629314	0.28445610418813827	0.6929323214341485	0.22911396358412192	0.7045504231862332	0.05187544895218464	0.03944532933570692	0.3510728005246885	3.7193229020269216	0.5032324557294107		0.13011024704081953	0.13326462412942316	0.43948905337455885	44.51884818389082	1.711109029014023	0.2163090664917705	0.02376713826165714	0.1248321309222649
S2B8	251118_018		0.018010291595197257	0.0030576478484599895	2.021366246550824	0.5352375270340816	0.19102841375195764	0.015586546349466776	0.15586546349466776	41.10082780222239	0.11029905287493474	0.20266239093146393	1.144902677306287	0.10351256618688941	0.13886195838615856	0.048959653963755685	0.014057722425236781	0.058691923335073455	2.4988067715713327	1.3028562905511223	0.12801103736296518	0.5818107241405026	0.0871429636811097	0.10317697069132672	3.7241777910358715	7.232679543590126	11.348721008278023	0.14590946379297487	0.28249683048698637	0.03810873294056231	0.673614736371094	13.013684838541279	0.11689909762100081	0.17615034678201208	14.790178238496532	1.0	0.7450220001491535	0.45965396375568646	0.41680960548885077	3.9977999850846446	0.2207472593034529	0.032478186292788425	2.1050786784995155	0.6871877097471847	0.6358043105376986	2.319524200164069	0.12047878290700276	0.36195838615855025	0.2879782235811768	0.842680289357894	0.2705272578119174	0.6931538518905213	0.03706465806547841	0.04306808859721083	0.35409053620702513	4.661197703035275	0.4510030576478485	0.10254306808859721	0.04146468789618913	0.05638004325453054	0.31669028264598403	66.36702960698038	0.6815944514878067	0.08423446938623312	0.011522112014318742	0.1288686702960698
S2B7	251118_019	0.017145979916660975	0.024728465059088735	0.0020493203087642597	2.9792677095430014	10.932133342441423	0.273276863173714	0.026162989275223716	0.10287587949996585	37.353234510554	0.09737687000478175	0.12330077191064963	2.0427624837762144	0.11059498599631122	0.17880319693968166	0.03688776555775668	0.014994193592458502	0.0740487738233486	3.343022064348658	1.6261698203429196	0.11158549081221394	0.6152742673679896	0.05355557073570599	0.146731334107521	4.141027392581461	3.1970079923492043	9.950440603866385	0.0512671630575859	0.2303094473666234	0.06496345378782704	0.5864813170298517	8.59061411298586	0.4417309925541362	0.18047680852517248	13.190142769314845	1.0	0.455905458023089	0.5002390873693559	0.4659812828745133	4.178495798893367	0.1878543616367238	0.03265250358631054	2.0604891044470253	0.4441218662476945	0.4528997882369014	1.821845754491427	0.10191953002254252	0.23478379670742536	0.23300771910649634	0.7140515062504269	0.2120363412801421	0.7398046314638979	0.03562401803401872	0.05218935719652982	0.290252066397978	3.4437803128629003	0.5142427761459116	0.05085729899583305	0.038834619851082726	0.08617391898353713	0.2620056014755106	60.02510417378236	0.3182252886126101	0.04204522166814673	0.016053009085320036	0.1112097820889405
S4A12	251118_020	0.022421337778703896	0.020462596374244635		2.722025421962909	8.747780787664096	0.13490310481350282	0.026838924775994998	0.21696186705563658	34.71444050843926	0.11073140237549489	0.22938112106688893	0.703021462804751	0.10377161908730985	0.2648885184413419	0.044217545321942074	0.017336945196916025	0.18495519899979163	1.6171702438007918	1.0869347780787664	0.1510731402375495	0.49822879766618045	0.07113982079599916	0.13898728901854554	3.928693477807877	3.2379662429672846	5.989622838091269	2.3139404042508858	0.2941029381121067	0.026922275474057095	0.5816211710773078	8.273348614294644	0.04871848301729527	0.14357157741196083	17.370785580329237	1.0	0.41604500937695355	0.2803500729318608	0.26838924775995	8.380412585955407	0.14894769743696604	0.11277349447801625	1.3412377578662222	2.5197749531152325	0.36991039799958325	2.3303604917691185	0.15761617003542405	0.3217336945196916	0.29543654928110025	0.7564075849135237	0.2951448218378829	0.7125234423838299	0.03909147739112315	0.03083975828297562	0.44938528860179205	3.5568660137528654	0.5533652844342571		0.07322358824755157	0.04080016670139613	0.537653677849552	54.19120650135445	0.9218587205667848	0.1451969160241717	0.02767243175661596	0.2049176911856637
S2B10	251118_021	0.029246042393345856	0.031213666040604597	0.005634558626240944	0.618996511939898	0.7647348179948126	0.06435023700921205	0.028172793131204722	0.05473571236919775	49.622395134603345	0.022001609873893213	0.04029156604954834	0.3975941329040336	0.08134335032644666	0.12194794741078616	0.03608800643949557	0.015114927108487613	0.06359001878186209	1.1524461139432967	1.0032644665056794	0.013057866022717109	0.11881763706287451	0.026518200518737142	0.03063232269027815	2.3864591718093195	3.27247115642608	3.3991145693587335	0.06135408281906806	0.11796798139701278	0.1431446203380735	0.06144352025757982	1.775825060370271	0.026786512834272427	0.0805384133798408	0.3573025668544853	1.0	0.3395939540291566	0.05764242912082998	0.1195778552902245	1.2710848761291476	0.1783382523924515	0.031392540917628116	0.24063142831589304	0.24921742241302208	0.4793399517037832	0.5283069492889724	0.03836866112154548	0.07061085770503532	0.1349610947142474	0.8422323584652536	0.13505053215275914	0.7502012342366514	0.020078704945890348	0.01726142563276988	0.41346927823987123	1.615329576960916	0.43761738663804667	0.07705035327788212	0.05929702173329756	0.10003577497540471	0.23991592880779894	63.781191306680974	0.4375279491995349	0.03492531973884268	0.010956086217690725	0.056569179858688846
S2B27	251118_022	0.016081138405769156	0.03351201264895299	0.004164899155451004	2.163819366781073	12.570822567583201	0.23288727777563534	0.04380856889437353	0.13859858856195287	41.856658054066564	0.09841502448806448	0.2246346072268713	2.77301299602792	0.14241641278778297	0.2004550537966141	0.04469553815896032	0.013535922255215766	0.04816628745516949	3.0012340441942076	1.4995179514866377	0.16123558674945046	0.6255447148200995	0.1527129690332035	0.12490841078246115	1.2362808993097065	6.117812656665767	13.345879449307779	0.07940303112105203	0.1942077050634376	0.043654313370097564	1.1059349812965176	14.07454398210636	0.18209864640777448	0.24877559677605954	21.830858817631405	1.0	0.5881763140642474	0.5951563765377348	0.2811692568740118	3.712506266630674	0.31279163935058424	0.040492075122440324	2.1652076664995565	0.6833519725425167	0.757278932551772	1.067178280822182	0.17978481354363504	0.18152018819173962	0.26755620685665804	1.058732790868073	0.1878832285681231	0.5388916740580773	0.04419420770506344	0.05125139794068875	0.37927577031352433	4.01565693571401	0.3076240792873395	0.08865836257760981	0.12101345879449307	0.16378080290000385	0.28768655277467126	53.58740503644287	1.0276888666075354	0.17137788747059504	0.020785931896186032	0.08619027418919441
S4A10	251118_023		0.020289614538815816	0.003568316667358201	1.2160906186465292	0.3621426496825858	0.11721505331728974	0.025144184888593834	0.05626322559229908	33.48703373304012	0.04775735446661964	0.07427077714617651	0.9496701381685407	0.0908261068005477	0.3247998008381395	0.04323472055101448	0.01817351977096386	0.04294427617111323	1.8795900585037966	0.7910875067424589	0.1431475872370441	0.48002157586822125	0.10190448529106676	0.10356416746193103	7.377245757437451	7.62715240031534	5.824654578648189	0.07613791958839883	0.34430106634579477	0.13377038297166094	0.508443633044272	4.164972407783909	0.4316833326417991	0.10995394381975851	15.052653416870669	1.0	0.42545952450105806	0.5498527032073358	0.44869507489315796	3.7939504584872	0.12874984440479648	0.06721712792000333	1.9847724160823201	0.5988963113563752	0.4009377204265383	2.165428820380897	0.06269449400439815	0.32724783204016433	0.13468320816563628	0.7566076096427534	0.19335297290568856	0.835940417410066	0.050080909505829635	0.08049458528691755	0.3657524584042156	3.8978880544375754	0.5345006431268412	0.09833616862370856	0.08642794904775736	0.0891249325754118	0.5039209991286668	75.94149620347703	0.8392182896975229	0.05306833741338534	0.012240156010124062	0.42238911248495914
S4A16	251118_024	0.015787518573551262	0.006082838038632987	0.005339895988112927	2.2066307578008915	0.46666047548291234	0.23295876671619614	0.009843982169390787	0.3313521545319465	35.58984955423477	0.1788632986627043	0.4799405646359584	1.7363948736998513	0.20690936106983654	0.156342867756315	0.055070579494799404	0.010215453194650817	0.06951151560178306	1.8046062407132244	1.3596768202080238	0.0875278603268945	0.2714988855869242	0.028324665676077266	0.11966010401188708	2.6342867756315007	3.5606426448737	6.648031203566122	0.07262258543833582	0.2361627043090639	0.04722325408618128	0.42083023774145617	5.280924962852898	0.02953194650817236	0.13786218424962854	5.730915676077266	1.0	0.3386422734026746	0.19943350668647847	0.08195579494799406	5.28347882615156	0.09226411589895989	0.09189264487369986	0.23463038632986627	0.3315378900445765	0.343842867756315	1.0269780832095097	0.11603826151560179	0.17584509658246658	0.3637165676077266	0.8396638187221397	0.15829309063893016	0.6611719910846954	0.056184992570579496	0.08316307578008915	0.36757057949479943	3.1469167904903417	0.5503807578008916	0.10104011887072809	0.1324294205052006	0.0924034175334324	0.5321322436849926	66.08209509658246	0.49828194650817237	0.1100482912332838	0.0124907132243685	0.17812035661218426
S2B13	251118_025	0.019973009446693658	0.000899685110211426	0.002249212775528565	0.5185784975258659	0.7878992352676564	0.051147098515519566	0.01700404858299595	0.04066576698155645	36.577417903733696	0.03144399460188934	0.03292847503373819	0.17935222672064777	0.08218623481781377	0.12739541160593792	0.030274403958614485	0.010121457489878543	0.03958614484930274	0.7695906432748538	0.5627980206927575	0.018173639226270806	0.16045883940620784	0.03333333333333333	0.017094017094017096	1.671345029239766	2.7001349527665317	6.3413405308142154	0.06077372919478183	0.15910931174089069	0.03900134952766532	0.07309941520467836	4.5528115159694105	0.034817813765182185	0.0753936122357175	0.5514619883040935	1.0	0.2827710301394512	0.04786324786324787	0.38744939271255063	2.8038236617183987	0.13648223121907332	0.01700404858299595	0.9471434997750787	0.1805668016194332	0.3408906882591093	0.5004948268106163	0.03688708951866847	0.07656320287899235	0.06702654071075123	0.5763832658569501	0.10980656770130455	0.7976158344579397	0.017139001349527665	0.012640575798470536	0.37611336032388665	2.1695456590193434	0.5311291048133153	0.08947368421052632	0.08083670715249662	0.06752136752136752	0.13598740440845705	61.94475933423302	0.5052181736392263	0.06531713900134953	0.010841205578047684	0.04741340530814215
S4A29	251118_026	0.019122333905368962	0.03947045844569747	0.00426575140965923	2.4135327286099533	0.397303260603089	0.22319195881343468	0.02103456729590586	0.5592056876685462	40.58985045354253	0.281000245158127	0.4387349840647217	1.2961019857808287	0.2284873743564599	0.22181907330227998	0.05849472910026968	0.015199803873498407	0.11100759990193675	5.2491296886491785	1.9274331944103946	0.059720519735229224	0.41049276783525374	0.10674184849227752	0.10620250061289532	5.610835989213043	8.0303015444962	10.845305221868104	0.08256925717087521	0.21377788673694534	0.07644030399607747	0.3668546212306938	7.99455748958078	0.2024515812699191	0.13429762196616818	5.532385388575631	1.0	0.29664133366021084	0.30041676881588625	0.06884040205932827	27.053885756312823	0.152243196861976	0.08693307183133121	0.25310125030644764	0.41294434910517286	0.3413581760235352	1.1470458445697476	0.18318215248835498	0.1739151752880608	0.5097327776415789	0.8308408923755822	0.17053199313557243	0.5843589114979162	0.043491051728364795	0.12351066437852415	0.40397156165726894	3.034420201029664	0.390880117675901	0.07898994851679333	0.12851189016915912	0.09600392253003187	0.7137043392988478	88.97469968129444	1.3588624662907576	0.025839666584947293	0.020593282667320422	2.617700416768816
S2B1	251118_027		0.008203582789218148	0.007310675818963112	0.20665215692840003	6.196662760198672	0.11596629276187287	0.02276912774150343	0.1767397734248563	46.28639991070931	0.06255929460349349	0.07148836430604387	0.35481890730509513	0.07634354595680562	0.09531781907472515	0.06278252134605726	0.017188459177409455	0.04927730342094983	0.7944639767844188	0.4097884926614208	0.010714883643060438	0.19683018025559462	0.044980188626597466	0.015123611808694681	0.7343601763491266	5.409900106032703	4.223505775991963	0.05011440370556393	0.12656956303365144	0.030358836988671242	0.05452313187119817	1.5212344438863776	0.006975835705117473	0.07829677995423852	0.1737820190858865	1.0	0.37541157430660194	0.00792454936101345	0.09358781181985602	1.2689324181036887	0.16457391595513143	0.021932027456889335	0.22423126290529605	0.10223784809420168	0.42552597801216585	0.27027177855907136	0.053965065014788774	0.07896646018192979	0.11652435961828227	0.7282772476142642	0.12495116915006418	1.154863552653608	0.016183938835872536	0.007087449076399353	0.334561080417434	1.0895697304537084	0.734025336235281	0.14498576929516155	0.09688040627267147	0.10748367654445003	0.11412467213572186	40.96433952787544	0.38367096378146104	0.03393046486969139	0.01813717283330543	0.04313856800044645
S4A26	251118_028			0.004637206764866339	0.4815875613747954	0.6139298054191671	0.13166030187306782		0.06978541553009639	36.89479905437352	0.04964539007092199	0.06810329150754682	0.4790871067466812	0.10611020185488271	0.23972540461902164	0.04346244771776687	0.008683396981269322	0.055010001818512455	1.5279141662120386	0.7049463538825241	0.06028368794326241	0.46108383342425896	0.048236042916893984	0.04250772867794144	2.1206128386979453	3.458628841607565	10.073604291689398	0.08551554828150573	0.18385160938352427	0.020912893253318784	0.36793053282414984	7.119248954355338	0.14479905437352245	0.11747590470994726	4.372613202400436	1.0	0.3578832515002728	0.20180941989452628	0.4907710492816876	1.6838516093835243	0.13361520276413894	0.05955628296053828	2.048645208219676	0.4388070558283324	0.3743407892344063	0.7216766684851791	0.0544189852700491	0.13638843426077468	0.13511547554100745	0.7677304964539007	0.1445262775050009	0.745771958537916	0.03218767048554282	0.07615020912893253	0.3777050372795054	4.125568285142753	0.5094562647754137	0.11252045826513912	0.05578286961265685	0.05296417530460084	0.32351336606655756	68.75745590107292	0.8454719039825422	0.055282778687034004	0.024322604109838154	0.1292053100563739
S2B30	251118_029		0.03703002178236575	0.004451179088928876	5.0258547210910125	7.307226063074155	0.1631309783123402	0.04858414622596837	0.61161094800644	46.36300786059286	0.29642958613505066	0.5645420967894687	2.9481484989108817	0.16308362534330903	0.21502983237048964	0.03736149256558386	0.01055971209394829	0.1936262903684061	9.65498626763898	4.304479590870348	0.05786532815607539	0.35850932853489914	0.11402594942702908	0.09986741168671276	12.63287243110143	3.0934747608675064	8.975139691258642	0.08225210720712188	0.19073775925750544	0.23212425419073776	0.29022634719196894	6.483710578653281	0.1593900937588787	0.15626479780282224	2.7593995643526847	1.0	0.36471256747798086	0.3055687091580642	0.08613505066767686	30.369826688133347	0.22554219149540677	0.0315370773747514	0.2605360356094327	0.9800644000378824	0.4669002746472204	8.60261388389052	0.2680178047163557	0.9399090822994601	0.664598920352306	0.8092148877734634	0.1411118477128516	0.9498058528269723	0.03499384411402595	0.04455914385831992	0.3600246235438962	1.7603939767023393	0.5894971114688891	0.16237333080784166	0.128658016857657	0.11639359787858698	0.5398238469552041	84.16554597973293	0.702860119329482	0.043470025570603275	0.019840894024055308	5.186618050951795
S2B23	251118_030		0.03493550016067576		1.1190836891153653	9.27902492769591	0.05816462378919341	0.016480741862920627	0.02979387595831612	44.852591470412705	0.027957581600330534	0.049534040306661156	0.6778680622503788	0.08240370931460313	0.2154891429096084	0.06693292934857457	0.0170316301703163	0.06472937611899188	1.1239039618050775	1.5435890373226828	0.011798191250057384	0.1643942523986595	0.03241059541844558	0.03645044300601386	3.774824404352018	4.302162236606528	4.328972134233117	0.11164669696552357	0.16457788183445807	0.17917642198044348	0.058853234173438004	1.2848092549235643	0.030298856906762154	0.09153927374558142	0.2652986273699674	1.0	0.276178671441032	0.044116971950603684	0.1006748381765597	1.519487673874122	0.15126474773906257	0.021530551347380984	0.268282605701694	0.3452692466602396	0.41468117339209476	0.7101409355919754	0.04163797456732314	0.11132534545287609	0.05596107055961071	0.659229674516825	0.15590139099297617	0.9948124684386908	0.01372630032594225	0.010283248404719277	0.31529174126612497	1.530826791534683	0.7719781480971399	0.09704815681953817	0.05173759353624386	0.050911261075150344	0.3090942478079236	66.18867924528301	0.43855300004590736	0.03332874259743837	0.010191433686819996	0.07088096221824358
S4A1	251118_031		0.04969574036511156		0.33611740842381577	6.174561508173249	0.09515570934256055	0.01169311538002625	0.10428349838921369	41.13429185061449	0.04038897506264169	0.1200930676530247	0.34995823887364275	0.12212146521894762	0.17474048442906576	0.05005369287674502	0.02201407946545758	0.03764467247345186	0.7624388497792626	0.3717336833313447	0.03943443503161914	0.22735950363918386	0.06747404844290658	0.03269299606252237	1.1505786898938075	4.843395776160363	3.7611860159885455	0.06813029471423458	0.25963488843813387	0.022133396969335403	0.2527144732132204	2.50328123135664	0.01813626058942847	0.08328361770671758	2.0986755757069564	1.0	0.27299844887244956	0.033170266078033646	0.10088294952869586	2.0226106669848467	0.10267271208686314	0.041820785109175515	0.527025414628326	0.2876745018494213	0.3328361770671758	0.5196277293879012	0.09032335043550889	0.1206896551724138	0.14699916477747285	0.6133516286839279	0.11955613888557451	1.081672831404367	0.022968619496480134	0.09068130294714234	0.37925068607564727	2.253072425724854	0.6825557809330629	0.18374895597184107	0.04468440520224317	0.04229805512468679	0.28481088175635366	65.72145328719724	0.7320128862904188	0.04892017658990574	0.013244242930437895	0.052797995465934854
S4A13	251118_032		0.0056506210352364195		2.3907990831067756	1.0130070899301669	0.21019244096167172	0.020416866570712726	0.11615757769603924	45.4482115251346	0.11370542139772909	0.11605096220480836	1.5482168559091636	0.1858308012154166	0.33701156778079855	0.07638999946692254	0.01668532437763207	0.07063276294045524	2.2471347086731703	2.34143611066688	0.09648701956394264	0.4987472679780372	0.09099632176555253	0.14766245535476305	6.696838850685005	2.5220427528119838	12.103843488458873	0.08598539367770137	0.4080707926861773	0.04083373314142545	0.7237592622208007	8.435684204914974	0.03342395650087958	0.17298363452209606	9.499760115144731	1.0	0.5354229969614585	0.28887467349005813	0.721360413668106	8.459619382696307	0.1549123087584626	0.11541126925742311	3.0812943120635428	0.7851697851697852	0.38216322831707444	1.1256996641612027	0.15459246228476997	0.20571459032997494	0.3300815608507916	1.0795351564582334	0.23567354336585106	0.7474812090196705	0.08502585425662348	0.12505997121381737	0.5007196545658084	5.284023668639053	0.6229010075163921	0.1346553654245962	0.1443573751266059	0.1118929580468042	0.8164081241004318	95.40231355615971	0.9772909003678234	0.048936510474972016	0.020363558825097286	0.08070792686177301
S4A11	251118_033	0.019918312538465842	0.042578190566776704	0.0072735410955071895	1.603759861243216	8.52593297152129	0.17148771890561182	0.012924523023555083	0.11352319140603144	42.49482459575896	0.05639791864824036	0.11827896827617077	1.4053600402842277	0.16275946959100318	0.46981480445364515	0.08045655457953338	0.01868740558384155	0.05399205505511106	1.6774464275723158	1.67162759469591	0.09606669277681419	0.4332232977116321	0.08051250489565266	0.08946455547473843	4.688468639847815	4.3226654730599225	13.302075756728026	0.0783304425670005	0.4413920438650478	0.04845297375930174	0.4864879986571924	9.940077211436245	0.05634196833212108	0.12756672075197226	6.2328092653723495	1.0	0.449448889386225	0.18726570805125048	0.6208806579757176	12.633021876573602	0.1409947966206009	0.07335086443238405	2.4810048676775023	0.5013707827449225	0.3694958876517652	1.0563419683321211	0.07693168466401835	0.17814580652380685	0.18609075141274548	0.9131091590667487	0.21277905220164495	0.7505175404241033	0.04375314720528171	0.10865551390365355	0.43976948469758853	4.109326917697085	0.5396967492866335	0.11542550215408717	0.07933754825714766	0.06937839198791473	0.4969507077714989	78.12096458344989	1.00939965310804	0.11094947686454429	0.01538633693280367	0.13562356627314945
S4A20	251118_034	0.024696921898237866	0.017441074406237326	0.005633421965838929	1.435395916895759	0.8817432060931092	0.18234260219027446		0.22993375095768173	36.0968497904367	0.19338410924331875	0.3667132362882509	1.0823380954527018	0.15791608454639686	0.17026454549551578	0.053855513993420166	0.01162738293749155	0.05304430123033936	1.4187209878768758	1.6327910225787552	0.08801658479426742	0.2624723962323674	0.0753075848393348	0.06129163098832755	4.271666140880616	3.264680697642976	10.031682365135879	0.046734868628599754	0.2861327684888909	0.0110415070530443	0.5127766010185227	6.613366983640542	0.025372932534138536	0.09847221596286448	5.558970661138402	1.0	0.4600477714182703	0.14471134345847042	0.16377484339086934	4.700482220920276	0.10279868403262878	0.1025282797782685	0.5441885619000406	0.6915138131506602	0.3137140024336383	0.47839019333904187	0.09455135427464059	0.07336968768308622	0.5767272071747263	0.4660417323899229	0.14687457749335256	0.47744377844878094	0.0370453828473568	0.07891297489747172	0.37779981071702196	3.919464599576367	0.26742980756230567	0.11834692865834423	0.08143674793816756	0.06250845013294876	0.5472080760737302	77.44513047005273	0.7803866780837352	0.03573842895128217	0.01415115597818739	0.09238812023975844
S4A5	251118_035		0.036572837476885146	0.006215327717279638	2.1266180398602836	1.0622046435175674	0.15707828230943086	0.010324635298952127	0.15954386685843436	35.61624203821656	0.11886172179987672	0.1320628724059996	0.7179987672077255	0.10966714608588453	0.1859461680706801	0.03549414423669612	0.010530100678035751	0.05521882062872406	1.5940517772755292	2.377439901376618	0.05121224573659339	0.24137045407848778	0.0319498664475036	0.076587220053421	3.685021573864804	1.4504314772960756	4.635863981919047	0.053934662009451406	0.20972878569960962	0.03123073762071091	0.39048695294842817	1.8356276967331004	0.1667351551263612	0.09220258886377646	3.235411958085063	1.0	0.24280871173207313	0.06343743579206904	0.08018286418738442	2.7597082391617014	0.08953153893568934	0.07597082391617012	0.2649476063283337	0.7458906924183275	0.25395520854735976	0.8543250462297103	0.10586603657283748	0.1590302034107253	0.2231354016848161	0.5322066981713581	0.12764536675570168	0.82823094308609	0.03939798643928498	0.07263201150606123	0.4015820834189439	2.6329874666118758	0.5778200123279228	0.10694472981302651	0.0799773988083008	0.05331826587220054	0.39603451818368607	62.16385863981919	0.43779535648243273	0.022292993630573247	0.01818368604890076	0.06677624820217794
S4A23	251118_036	0.026717970951658357	0.03755690440060698	0.007587253414264037	0.7075113808801214	0.5705614567526556	0.09684587036635595		0.041133752438760024	41.36532625189681	0.03696076306091481	0.05056362453934533	0.7598092347712985	0.10031432907001951	0.1944504660741383	0.07473444613050076	0.02818122696726642	0.06042705397788858	2.078473878170388	1.0545198352482115	0.049750704530674185	0.27709733362237154	0.04346412313028398	0.07972035551701713	5.411066551051377	5.837470192933015	6.069423368740516	0.07272924344244526	0.3240299154563191	0.10638413180143073	0.23872750921309344	1.9662367223065251	0.10969000650336007	0.09950140906134837	1.7274008237589422	1.0	0.32847387817038803	0.24512247994797312	0.19938218079340994	6.805603728593106	0.11949924127465858	0.06942336874051594	0.872154779969651	0.561185779319315	0.39133969217429004	0.952525471493605	0.04644482982874485	0.14941469759375678	0.11342943854324734	0.8109690006503361	0.21097983958378497	0.779319314979406	0.030511597658790374	0.1054628224582701	0.3771948840234121	3.4920875785822676	0.5553327552568827	0.10611315846520702	0.05267721656189031	0.053598525905050945	0.4934966399306308	75.06145675265554	0.7923260351181444	0.04769130717537394	0.02032300021677867	0.13413180143073922
S2B14	251118_037	0.039514251557289375			0.248537091801422	0.7349776631221292	0.07122632605549613	0.01220663185050022	0.08299251242685458	50.75756622412383	0.059397218901403134	0.07550493928144467	0.284024413263701	0.11105518152645819	0.20638016736928208	0.029950292581639715	0.021833511608884415	0.05348266532435664	0.9738878751651671	0.6183225319322972	0.018435789341219404	0.21965645252626942	0.05178380419052413	0.03183791606367583	1.9937708425092808	5.537154722204744	7.322217328383565	0.12533819920719813	0.19996224753035927	0.04052098408104197	0.08978795696218461	2.422575976845152	0.03970301390549298	0.06707355439501668	0.37393821179135467	1.0	0.3115837161014283	0.015793116466368842	0.148744730384446	3.8885043729944	0.17020071729692318	0.021015541433335432	0.4683193858931605	0.1440256716793557	0.4152771660479456	0.43377587617189955	0.04467375574152142	0.07116340527276159	0.14578745359592274	0.7529730069842069	0.13987290001887623	0.8133769584093626	0.026426728748505632	0.011892027936827533	0.42119171962499213	2.292015352670987	0.6029698609450701	0.12653369407915435	0.04907821053293903	0.05134335871138237	0.11193607248474172	59.81148933492732	0.6392751525828981	0.08783741269741395	0.035172717548606305	0.0556219719373309
S2B5	251118_038		0.03083426582121099	0.008205893323386795	5.651311699614571	6.092378465746612	0.17959716523685193	0.04221061792863359	0.32108665920676366	68.24530647768246	0.1349620788263086	0.22740271043143107	1.0261096605744124	0.14559244063160512	0.17555638443366903	0.04935969165734179	0.017157776948899663	0.14627626507522068	2.7259728956856892	8.26028844958349	0.011873678975506652	0.26227775705582496	0.050540842969041405	0.046935223175432056	8.779311202287703	2.918562725351237	7.954059430560736	0.06247668780305856	0.1865597413900286	0.17083177918687056	0.08081561606365784	1.5432674375233122	0.02505284097973393	0.12719134651249533	0.29423100833022503	1.0	0.37461146338430934	0.06459032699241576	0.11637448713166729	2.9428074101703343	0.16119607111774215	0.02598532885739152	0.22006713912719134	2.891147581748104	0.36416759915454433	7.444361556633097	0.08529155787641428	0.8465746611960712	0.24344150192714162	0.6948899664304364	0.13172945418376228	1.2254134029590948	0.025550167847817978	0.012619669277632724	0.41570309585975385	2.3991669774959594	0.6423598159890588		0.08821335322640805	0.10064652492850926	0.24592813626756185	86.3041775456919	0.638692030336939	0.1669153301007087	0.02144722118612458	0.10642794976998632
S4A17	251118_039		0.03738673087890501	0.00525948925923579	1.2940244597934225	1.2334452823015019	0.15936886128889172	0.006843672771053799	0.15917875926747355	23.057347443127814	0.13655661871871239	0.08098346112413662	1.1542994740510741	0.13269121094987643	0.2563208922121539	0.043089791521449844	0.020721120334579558	0.07838540016475508	1.167226411507509	1.519105253152525	0.03307775172676003	0.25283568848615423	0.07046448260566504	0.07356948228882834	3.872441543628414	3.578480451175464	6.710094417337304	0.03821050630505038	0.2038527343007414	0.03656295545275965	0.16012926937456434	3.3940814903998477	0.08149039984791838	0.08503897091439072	0.9832710221152018	1.0	0.27583803307775173	0.09473417400671694	0.33724098599581775	5.712058804891958	0.14542804638489323	0.0734427476078829	2.5117546416576895	0.4514923008681326	0.24966732146251822	0.8922755211963754	0.05145428046384893	0.17571763513085356	0.38685761358595777	0.46822127875293074	0.13554274127114885	0.9861225524364743	0.025030099486724543	0.1110829478486788	0.4085926113681009	3.3489005766427984	0.775426145364679		0.07585070654584627	0.09112223559977188	0.3781762879411951	85.40795893796337	0.9546923515620049	0.04879285216399468	0.016728977884798175	0.17939294087827135
S4A7	251118_040	0.027718906860011154			1.298382598996096	10.885610708310095	0.11684327941996654	0.022476296709425542	0.09598438371444507	42.09403234802008	0.049302844394868935	0.06324595649749024	1.300334634690463	0.10312325711098717	0.27255995538204125	0.0577244841048522	0.011600669269380927	0.08622420524261015	1.879419966536531	1.4709425543781371	0.045231455660903516	0.2766313441160067	0.03943112102621305	0.07255995538204127	4.974288901282766	4.217791411042945	5.851645287228109	0.048243167875069715	0.28304517568321247	0.10401561628555493	0.22877858337981039	1.477133296151701	0.07746793084216397	0.09866146123814835	1.17930842163971	1.0	0.28594534300055774	0.08555493586168433	0.24718349135527048	2.6413273842721696	0.14439486893474623	0.05900725041829336	0.7378694924707194	0.9511991076408254	0.39486893474623536	1.2124372559955383	0.05655326268823201	0.18851087562744004	0.12007808142777468	0.7809258226436141	0.16514221974344673	0.8229782487451199	0.021193530395984383	0.11411042944785275	0.3983268265476854	3.342387060791969	0.649079754601227	0.12292247629670942	0.04935861684327942	0.060568878973786947	0.54941438929169	100.71215839375348	0.7965421081985499	0.041940881204684886	0.023257110987172338	0.08126045733407697
S2B20	251118_041		0.024051429598992986	0.0030120481927710845	2.107579572019421	0.6283492177665887	0.23143319546844093	0.029625966552778278	0.22316130192411437	40.24276209314871	0.19596295630282323	0.2455044056824312	3.103398669304082	0.11432296349577414	0.11198525445063838	0.049496493436432296	0.008721452976083437	0.05848768207156986	3.3200863154108973	3.3423395072828628	0.10276928609962237	0.373269196187736	0.10425283222442007	0.13199064916381945	3.3644128753821256	3.5423934544146736	10.87884373314152	0.05952166876461068	0.19295090811005214	0.05601510519690703	0.8789786009710484	5.227117424923575	0.3661212012228017	0.16256069052328717	7.019645747167775	1.0	0.4545944973925553	0.24586405322783672	0.14363423844632262	2.457067074267218	0.17555295810106097	0.027423125337169573	0.5865851465563747	0.8573547923035425	0.4353083977701852	1.1763172091350476	0.1432296349577414	0.20023377090451358	0.6194479410178025	0.7658694479410179	0.17263082179464126	0.6020949469519871	0.026748786189534256	0.05003596475454055	0.3376640891925913	3.962281963675598	0.39606185937780974	0.0919349037942816	0.16130192411436792	0.19650242762093148	0.3729545045855062	66.57489660133069	0.315231073547923	0.048507462686567165	0.013082179464125158	0.07071569861535695
S4A30	251118_042		0.035946169283437614	0.004426868138354386	3.3741588950537125	7.3853146027623655	0.30090898359107543	0.01434305276826821	0.5486365246133869	47.766910636288515	0.34618108841931294	0.4593908629441624	1.227186872860347	0.24147090072010388	0.3301263133042144	0.07094794003069295	0.026207059379057963	0.10081454373745721	4.298370912525086	3.7218156061858103	0.04733797662613623	0.4812300790933774	0.11952543973556841	0.08387439499468775	5.74088065163499	3.425746665092669	10.408924566166922	0.08511391807342698	0.20233738637705112	0.13994805808050997	0.3263487191594853	5.01015228426396	0.13150749616338095	0.15948530279778067	2.204934482351552	1.0	0.3378585763192067	0.1252508558611734	0.09166568291819148	28.74176602526266	0.17341518120646912	0.08605831660960926	0.22848542084759768	0.9981702278361468	0.40308110022429466	2.5462165033644197	0.11881714083343171	0.4330067288395703	0.36583638295360643	0.9709597450123952	0.17312005666391217	0.7666155117459568	0.030988076968480698	0.14165978042734034	0.37722819029630505	3.5461574784559082	0.5606776059497108		0.09013103529689528	0.05878880887734624	0.603352614803447	106.5393696139771	1.5814543737457207	0.331424861291465	0.013280604415063157	2.68533821272577
S2B3	251118_043	0.0240120060030015	0.04423640391624384		1.4034159937111412	0.6764096333881227	0.056814121346387476	0.01950975487743872	0.10748231258486386	47.48567140713214	0.0750375187593797	0.05238333452440506	0.7676695490602444	0.0636746944901022	0.0856142356892732	0.050882584149217466	0.020796112341885227	0.07868219824197813	0.5923676123776174	2.2176802687057813	0.01243478882298292	0.15379118130493818	0.029872078896591152	0.02622739941399271	2.5062531265632817	1.1961695133280925	2.6392481955263345	0.0677481597941828	0.12842135353390982	0.0686771957407275	0.03930536696919888	0.7503037232902166	0.009933538197670264	0.05438433502465519	0.08911598656471093	1.0	0.1687986850568141	0.027227899664117775	0.07811048381333524	0.8957335810762524	0.12720646037304367	0.019581219181019082	0.19781319231044092	0.6737654541556493	0.2556278139069535	1.1712284713785464	0.04030586721932395	0.22225398413492461	0.10298006145930108	0.2027442292574859	0.06903451725862932	1.0423068677195741	0.007861073393839776	0.013077967555206174	0.3969127420853284	0.7335096119488316	0.6308154077038519	0.10519545487029229	0.047380833273779746	0.04752376188094047	0.1379261059100979	130.66426070177945	0.2429071678696491	0.0258700778960909	0.015221896662617022	0.035231901665118276
S2B35	251118_044	0.023248926403080114	0.00918110469420998	0.00429438767954983	0.3277062046497853	4.7749888938249665	0.028209684584629052	0.02147193839774915	0.012957204205538279	50.86420849992596	0.01739967421886569	0.03131941359395824	0.37553679845994375	0.061158003850140676	0.11750333185251	0.05619724566859174	0.019620909225529393	0.07989041907300459	0.1882866873981934	0.4210721160965497	0.005479046349770473	0.02273063823485858	0.010365763364430623	0.006367540352435954	2.0119206278690953	0.6584480971420109	0.6885088108988597	0.019102621057307864	0.11654079668295572	0.10669332148674664	0.012290833703539167	0.16229823782022804	0.006441581519324745	0.026062490744854137	0.032726195764845256	1.0	0.12772101288316304	0.01821412705464238	0.13964164075225827	0.8893824966681475	0.15341329779357324	0.0339108544350659	0.861320894417296	0.41514882274544646	41.47852806160225	103.81489708277802	1.2442618095661189	53.323485858137126	4.143787946098031	53.44661631867318	0.16207611431956168	0.8893084555012587	0.009329187027987561	0.040500518288168225	0.42166444543166	2.0960313934547607	0.7353028283725751	0.1717755071819932	0.029616466755516067	0.009625351695542721	0.1771064711979861	71.69843032726196	0.1611876203168962	0.02162002073152673	0.019472826891751813	0.1544498741300163
S2B31	251118_045	0.03347951652583164		0.004866830677077763	3.4665739651299603	1.0400042785324635	0.19237351588405177	0.05604877527008236	0.4470531607658573	40.96988982778907	0.20879238421221522	0.31885763183228155	2.560701679323992	0.15071130602203445	0.20028880094127713	0.05722537169750776	0.02529682318964595	0.09246978286447749	7.163600385067921	4.288426569686598	0.08246871323136164	0.5023531928548508	0.11049310086640282	0.11450422505080757	9.625040111241844	2.099368916461654	9.947213605733234	0.1375013370413948	0.20804364103112633	0.24136271258958178	0.49887688522836665	5.26387848967804	0.2541448283238849	0.18381645095732163	3.6297464969515456	1.0	0.4714407958070382	0.1918921809819232	0.10969087602952188	36.78644774842229	0.2798695047598674	0.023424965236923737	0.34388704674296716	1.2438763504118087	0.6001711412985345	12.777730238528186	0.21130602203444218	1.3503048454380147	0.6121510321959568	1.0745534281741362	0.24184404749171035	0.7625414482832389	0.02636645630548722	0.08155952508289657	0.34372660177559095	2.3017435019788213	0.4993047384747032	0.09311156273398224	0.11204406888437266	0.05733233500909188	0.5711840838592362	81.78484329874853	0.5732698684351267	0.08300352978928227	0.032570328377366564	6.23820729489785
S4A8	251118_046		0.006495278641995525		0.7029092298455325	0.6561868893619344	0.15004639484744284	0.023688663282571912	0.045412368320506526	43.78827574914033	0.05250805087058567	0.051634736095191314	0.9917580918072157	0.09415424922220403	0.45417826537852735	0.07024725724578353	0.013099721630915342	0.06773647726652475	1.9780579662682167	0.7858741335079963	0.09704710441569783	0.4104579444353474	0.047813983952841005	0.10992849735276458	7.755908520277277	8.456361552317013	8.738114731728617	0.06833688117460837	0.311336717428088	0.1442606844604552	0.5865400360242344	2.1136400851481905	0.042519513127012715	0.12390153375907428	4.462147262704001	1.0	0.3816931390207958	0.4074559248949293	0.3812018994596365	5.621963866601168	0.13481796845150373	0.07073849680694286	1.7031821407128431	0.6438513181594891	0.3660826374106217	2.1859614649855357	0.05802085039026254	0.3445772610665357	0.08334697887669887	0.7643141749904481	0.19655040663719228	0.7884394956607172	0.05087058566672125	0.09988537743572949	0.3582228044320725	2.8049233120462858	0.5127449375034114	0.09917580918072158	0.1147863107908957	0.08329239670323672	0.6647562905954915	88.9420337317832	0.8976584247584739	0.041537034004694065	0.012663064243218164	0.33546203809835706
S4A27	251118_047	0.03995371216273829	0.03830927583896705		0.3181679761252208	8.022778488336684	0.17985260978135087	0.01760155916925513	0.12503806565564285	50.04147633838845	0.07192886290273463	0.1021377672209026	0.2831475729337962	0.08222181618856203	0.2466654485656861	0.15756136183689629	0.018758755100797855	0.048845849320908706	1.6229368414641574	0.7187404835860893	0.0778366526585054	0.3628722821121871	0.07881113344296242	0.04628783726170899	1.03818746574091	4.86168463365613	9.509470735123942	0.16273829100432427	0.27559534685425424	0.020342286375540534	0.5893172544003898	3.641695596564955	0.18344600767403618	0.12211462330227175	3.0063341250989706	1.0	0.4002679822157257	0.06937085084353493	0.20744259699129058	1.985443693282173	0.11139533467324442	0.0507339058407942	0.5686095377306779	0.2761434922955113	0.3561118216700164	0.5321274133625677	0.16048480419026737	0.09147938364090383	0.2410012790060296	0.9358060783238931	0.15299348315975395	0.7575979048663134	0.037395700103538584	0.0671782690785066	0.36177599122967297	2.5476582008648516	0.47073512394177475	0.12162738291004324	0.08599792922833303	0.07594859613861989	0.19775869419574882	58.82739509105305	0.643827273280955	0.04196357878068092	0.024605639807540044	0.12296729398867166
S2B12	251118_048	0.028698037560666807	0.03664626855173384		0.6789055356263628	1.2402053879158754	0.05205036224238588	0.015544770345361187	0.014138003798269677	59.486319195329536	0.035591193641415206	0.033903073784905396	0.35682633466976155	0.08750087922909193	0.2050362242385876	0.05437152704508687	0.00893296757403109	0.08377294787929943	1.2178377998171204	1.426531617078146	0.02018709995076317	0.25138918196525284	0.04466483787015545	0.059013856650488854	4.797636632200886	5.702609551944855	7.281564324400366	0.11901244988394176	0.24034606457058452	0.13511992684813956	0.1935007385524372	1.5914749947246254	0.06513329113033692	0.1039600478300626	0.5484982767109798	1.0	0.5543363578814096	0.0824365196595625	0.30716747555743124	1.5572202293029471	0.16902300063304496	0.028768375888021384	1.5632693254554406	0.265456847436168	0.4324400365759302	0.8038264050080889	0.032003938946331856	0.15776886825631287	0.07624674685235985	0.7170289090525427	0.17366533023844694	0.6537947527607794	0.03383273545755082	0.005697404515720616	0.4247731588942815	2.428993458535556	0.5043961454596609	0.12442850109024407	0.10093549975381585	0.07343321375817682	0.2492790321446156	100.4035309840332	0.5276077934866709	0.04684532601814729	0.022015896461982133	0.2762889498487726
S4A18	251118_049	0.021403250618687714	0.038258310480904285		1.3504782288810113	1.2397164069293023	0.24105411009297037	0.015584241856731991	0.22266069159253563	49.39348538559294	0.2609858872316233	0.5648451608588054	2.172429937796803	0.21884823757608188	0.2897465052504849	0.08106481171827971	0.032305531402581765	0.0892248010166544	1.6715938733195104	2.098254297371413	0.058792054043207816	0.36211624640492274	0.1333690054176978	0.12239983947562036	5.988963948899739	4.033175038458966	13.262457360711657	0.07832252023276035	0.2611196575479901	0.03156979466256438	0.43682696809577953	4.4661895525382915	0.14661226673801084	0.1486857066416962	2.2415223062002543	1.0	0.4662564376964752	0.09544512072771053	0.3827168751254097	6.39609390676209	0.14507390809979265	0.1330345796267808	1.7208213497424922	0.5538091097585446	0.40137783425857804	0.7848304461240051	0.10300314360243462	0.13176376162129624	0.8725168885024414	0.7352016587519229	0.2242659353889372	0.9190020734399037	0.04233830513009163	0.11678148618821484	0.49675606982810516	5.756069828105144	0.5715336766771454	0.07852317570731054	0.1327670389940472	0.13698080395960135	0.5844425122065414	98.98555280583238	1.0292288141261454	0.04768911778476356	0.019262925556818942	0.1432680088288409
S4A25	251118_050		0.0450507614213198	0.004695431472081219	0.47956852791878174	1.1589467005076142	0.15006345177664976	0.03299492385786802	0.04708121827411167	51.13527918781726	0.0266497461928934	0.04238578680203046	0.6030456852791878	0.11859137055837564	0.2656725888324873	0.10799492385786802	0.01713197969543147	0.07341370558375634	2.4401649746192895	1.2123730964467005	0.07214467005076142	0.48965736040609137	0.04942893401015228	0.10139593908629442	4.289086294416244	8.711230964467005	9.13248730964467	0.11351522842639594	0.3153553299492386	0.09828680203045685	0.5641497461928934	1.8668781725888326	0.022779187817258885	0.1222715736040609	2.2215101522842637	1.0	0.5430203045685279	0.2041243654822335	0.39060913705583755	1.4540609137055838	0.1575507614213198	0.07728426395939086	2.157170050761421	0.3523477157360406	0.42956852791878175	0.7285532994923858	0.05964467005076142	0.14251269035532996	0.10615482233502538	0.8595177664974619	0.19676395939086294	0.7940355329949239	0.03394670050761421	0.05812182741116751	0.4138959390862944	3.0876269035532995	0.6044416243654822	0.133502538071066	0.07303299492385787	0.05044416243654822	0.44073604060913707	94.52239847715737	0.6923857868020304	0.03800761421319797	0.0324238578680203	0.217005076142132
S4A28	251118_051	0.014917421417155035	0.0041955247735748534	0.006193393713372403	3.126132125732552	0.42401438465636654	0.21137453383058072	0.011720831113478956	0.4180873734683005	51.00759190197123	0.14238145977623867	0.3118007458710709	0.48268513585508793	0.23075386254661695	0.23015450186467767	0.07039158231220032	0.02290889717634523	0.07245604688332445	2.205181140117208	3.448188598827917	0.08131326584976026	0.41562333510921684	0.09370005327650506	0.1099493873201918	3.8720697922216303	2.7303542887586576	10.055274374001065	0.13845231752797016	0.2193660095897709	0.048614810868407035	0.4346030900372935	4.534030367607885	0.12779701651571657	0.13359083644112946	2.518646776771444	1.0	0.26318593500266385	0.05587373468300479	0.05607352157698455	20.7332179009057	0.1272642514651039	0.07052477357485348	0.2189664358018114	0.2952184336707512	0.3455647309536494	1.182272242940863	0.10641981885988279	0.18779968034096964	0.37706446457112414	0.854288758657432	0.15270378263185935	0.8657432072456047	0.0332312200319659	0.11321257325519446	0.4452583910495472	2.2502663825253064	0.5472828982418754	0.07338838572189664	0.10169152903569526	0.07232285562067128	0.4500532765050613	62.84123601491742	0.5016648907831647	0.02184336707511987	0.025239744272775706	2.174746936600959
S4A6	251118_052	0.019428503108560497	0.040172166427546625	0.002510760401721664	1.0035868005738882	6.115853658536586	0.11788617886178862		0.14795552367288378	21.824545671927307	0.0625298900047824	0.0976207556193209	0.374402199904352	0.06390483022477284	0.3005738880918221	0.06205164992826399	0.022417503586800575	0.1835246293639407	0.6694763271162123	1.5474653275944523	0.05840506934481109	0.2648852223816356	0.04071018651362984	0.057329029172644666	2.492168818747011	1.758189861310378	4.203610712577714	1.8929340028694404	0.24354375896700142	0.01871114299378288	0.4019607843137255	2.0491989478718318	0.024031563845050216	0.057149689143950265	2.089191774270684	1.0	0.33375179340028693	0.05105212816834051	0.2073170731707317	2.7802486848397896	0.13091822094691535	0.08339311334289813	0.8832496413199427	2.3562290769966525	0.26422764227642276	1.4356169296987087	0.10300095648015303	0.1884265901482544	0.17097082735533237	0.6356408417025347	0.15781922525107603	0.8124701099952176	0.039992826398852224	0.04082974653275945	0.3249641319942611	2.2501793400286942	0.5135700621712099	0.10043041606886657	0.03389526542324247	0.014227642276422764	0.3919775227164036	80.34337637494022	0.7806073648971784	0.11854375896700144	0.020384983261597323	0.117467718794835
S4A38	251118_053	0.03000185196617075	0.0342613741588987	0.002716217050435212	1.4181122291499475	10.436570158651769	0.14865115130563614	0.05450953762577937	0.11148836347922711	61.273844064448426	0.055065127477004754	0.0975368849929008	1.5374405827520217	0.21143280449410456	0.3618741897648003	0.11871103154515711	0.01370454966355948	0.07093030433977406	2.030804370640163	1.8094326810296932	0.09549972220507438	0.6513982344589172	0.0666090499413544	0.13537872708191864	3.138959195012038	4.805296623248348	13.14013210692018	0.26396691153774926	0.2557565281807519	0.03882955738008519	0.950305574418174	5.507500462991542	0.051978517192419284	0.1482190258657942	4.986851040187666	1.0	0.44786715229335144	0.13507006605346009	0.4586085560837089	3.6641150688314092	0.14093462559417247	0.06975739243163158	2.120501265510217	0.6921414902154454	0.5916414593493425	1.1318599913574912	0.0758071485894191	0.15791098215939256	0.19853077350453732	1.1906907833816902	0.2300759306130008	0.6276930674733008	0.018149268473362554	0.0533983579233286	0.4060127168343725	4.065436138033212	0.48632631643928637	0.12235323168096796	0.06611519229582073	0.058460398790048766	0.3499598740663004	106.24408914130503	1.1566763380455585	0.18211000679054262	0.013025495400950675	0.10408049879622198
S2B33	251118_054		0.02237008145004015		4.443673282092463	8.936675461741425	0.18825283927956865	0.05104967305265573	0.5709533096248709	49.52128025696914	0.32287484226224616	0.45657909831364	0.9153378455890788	0.21240105540897097	0.22725708385912585	0.09957554204428129	0.014282436618102558	0.1080647011586555	8.978318228748423	6.9341516576803945	0.06527475048755306	0.5367098772513479	0.11569347252495124	0.10674543994493518	9.435356200527705	2.4591602615578756	14.234254904210164	0.29683377308707126	0.23006768383618217	0.2489388551107032	0.5304577262819777	6.227543879775152	0.18940002294367328	0.21848112882872547	3.06206263622806	1.0	0.4667890329241712	0.102730297120569	0.08443271767810026	41.36423081335322	0.29792359756797065	0.02529539979350694	0.2365492715383733	1.2741195365377997	2.744636916370311	21.991166685786393	0.18389354135597108	1.7579442468739246	0.5882757829528508	1.1938166800504761	0.20677985545485833	0.9237122863370426	0.031088677297235287	0.06963404841115063	0.3896982906963405	2.5873006768383617	0.6518297579442469	0.13232763565446828	0.1257313295858667	0.07795112997590914	0.502466444877825	78.55764597912126	0.5939543420901686	0.042101640472639666	0.018584375358494894	4.234599059309396
S2B38	251118_055		0.0037800514086991583	0.004636863061337634	0.21067486517816642	10.906657930547855	0.10180938460763066	0.04329418880096769	0.07550022680308452	57.92833022529106	0.05942240814475077	0.07595383297212842	0.167582279118996	0.1112343127866539	0.24560254019454664	0.07938107958268233	0.018295448818103927	0.04853586008769719	1.8541404163096618	0.7462325487626632	0.05997681568469331	0.40990877475933674	0.054735144397963814	0.04909026762763974	1.9485409001562422	2.4800161282193436	9.826974446852477	0.12060884028022781	0.20291315961897083	0.04697343883876821	0.5131293785595484	3.90186986543017	0.02409152764477597	0.19802429313038658	2.762007963308301	1.0	0.5070308956201804	0.04475580867899803	0.7596895317776322	1.5971473212035683	0.2660148178015221	0.023335517363036136	2.8028829192077014	0.303865732573963	0.8662869815029485	0.6521848697142281	0.10453102162189405	0.12479209717252154	0.17927523814323876	0.8330225291063958	0.18834736152411674	0.6861045310216219	0.04037094904490701	0.05831359306486568	0.3190867395796583	4.7320699561514035	0.4207953228163903	0.10322060380021168	0.17317675520387077	0.07025855551635503	0.16919510105337432	87.52940879995968	0.6504208457235019	0.07555062748853385	0.014061791240360869	0.07504662063404062
S4A19	251118_056				2.1450485436893203	0.4659546925566343	0.14938511326860843	0.017411003236245955	0.2998058252427184	46.91773462783171	0.15171521035598706	0.3927508090614887	1.025631067961165	0.1634304207119741	0.20427184466019419	0.09650485436893204	0.023106796116504853	0.07818770226537217	1.8308090614886732	2.9535275080906147	0.07572815533980583	0.3009061488673139	0.0458252427184466	0.08498381877022654	3.345113268608414	2.571326860841424	6.353074433656958	0.08433656957928802	0.25864077669902913	0.06375404530744337	0.7060194174757282	2.024724919093851	0.28880258899676375	0.11061488673139158	3.914368932038835	1.0	0.2722977346278317	0.07268608414239482	0.06634304207119741	4.878446601941747	0.12433656957928803	0.07411003236245954	0.20129449838187702	0.5785760517799353	0.298705501618123	0.588284789644013	0.08226537216828479	0.11255663430420712	0.2928802588996764	0.5741747572815534	0.11993527508090615	0.5842071197411003	0.03760517799352751	0.07605177993527508	0.3478964401294498	2.319676375404531	0.4014886731391586	0.08194174757281554	0.05715210355987055	0.03203883495145631	0.48323624595469256	90.38757281553399	0.6964401294498382	0.03158576051779935	0.008932038834951457	0.13559870550161812
S2B36	251118_057		0.036788702308194386	0.0047469293300895984	0.2028718922447042	0.7006467691212247	0.0769002551474515	0.05447101406277814	0.034118554560018985	64.38788346288494	0.039340176823117544	0.03239779267786151	0.29181748056725804	0.10674657331038984	0.27395715896279593	0.10199964398030024	0.019521746869993473	0.05530172669554382	2.0248620423663444	1.0655076247552364	0.0525722423307423	0.2604877469886667	0.024862042366344272	0.0463418975849997	2.019284400403489	1.90304396843292	5.903221978282798	0.10621254376075476	0.1746276627306711	0.12650566664688778	0.6420815285112443	1.2727110900136474	0.17474633596392333	0.2120690678217528	1.97430724500089	1.0	0.4295377677564825	0.046460570818251945	0.3207737494808046	0.5491603868747404	0.21272177060464012	0.03423722779327123	1.9508692814335726	0.23722779327122767	0.5611463834332167	0.4822880199371032	0.10063490179789948	0.08609743072450009	0.09932949623212485	0.61324393283095	0.12508158784786091	0.657271702367531	0.03738206847445558	0.03791609802409067	0.34872129591170714	2.9137838960422475	0.46555509404853734		0.17510235566368007	0.09689669495045393	0.23248086394113807	60.067999762653535	0.45273838485729545	0.023971993116952472	0.015368183706165075	0.15273245119563283
S4A21	251118_058	0.037339190461248825	0.04989017885158456	0.0018826482585503608	1.7561186068402888	9.343269532475682	0.31604957640414183	0.040476937558832755	0.3118920614998431	59.073266394728584	0.28773140884844683	0.37754941951678694	1.1141355506746156	0.13531534358330718	0.28114213994352055	0.13704110448697834	0.01874803890806401	0.09036711641041732	2.574992155632256	3.1868528396611233	0.07797301537496078	0.39841543771572013	0.09201443363664889	0.08597427047379981	7.101663005961719	3.917241920301224	13.204345779730154	0.04879196736743018	0.2979290869155946	0.028710385942893	0.7829463445246313	3.497254471289614	0.19556008785691872	0.11186068402886727	3.0911515531848135	1.0	0.4059460307499216	0.11601819893316599	0.16904612488233448	5.456385315343583	0.08016943834326953	0.04063382491371195	0.5022748666457484	1.0964072795732664	0.2354094759962347	0.9239880765610292	0.11413555067461563	0.153906495136492	0.5232193285221212	0.5258864135550675	0.2066990900533417	0.7716504549733292	0.07985566363351114	0.06479447756510825	0.4822717288986508	3.9023376215877	0.5234546595544399	0.14221838719799185	0.11962660809538751	0.06565735801694383	0.6297458424850957	138.14033573893943	0.7496862252902416	0.040476937558832755	0.014668967681204894	0.07907122685911515
S4A31	251118_059		0.0020109344561050715	0.005969961666561931	2.05454659712185	0.4199082511154402	0.3234462389241501	0.025765097718846226	0.3900584427826306	46.15264249355872	0.19078740652296863	0.40878526990510905	1.612078175076981	0.19386664990887953	0.31848174448564065	0.11877081631370577	0.018663985420725192	0.10324891598064476	3.63884874002388	3.469050461886508	0.039715955508075156	0.3549299315025451	0.08898384968264941	0.13221894048890845	10.476842832903914	3.0375793376484634	10.20304153836486	0.09413686922641865	0.19983661157544147	0.16671903475146108	0.3578206497831961	3.5565261107270785	0.09419971092817193	0.1232325771381889	1.6362722302519952	1.0	0.31489976748570353	0.1106642367875322	0.1350468170678062	24.354050147678	0.14704958210268335	0.05222145415697857	0.2174951297681141	1.958524476842833	0.2936592722930937	9.632061836234525	0.09665053729654999	1.111732545717338	0.6092502984980833	0.8677810595110915	0.18965625589140955	0.9634889712813423	0.023251429648714888	0.059196883051593034	0.3357632124677936	3.2064349902595364	0.5711053855338403	0.06233896813925721	0.08917237478790925	0.06259033494627035	0.5912775717966443	91.08483629736693	1.0340602023502796	0.05140451203418588		0.9249041664048262
S2B25	251118_060	0.02717781142902686	0.05634813102733721	0.009643739539332112	1.0083685343109907	8.573045349485932	0.07738901729497091	0.031561329401450545	0.04797959671634654	64.83876623894157	0.024946202279429345	0.046146489200605725	0.8303180043038176	0.10416832709014107	0.42073802502590263	0.06447756435801387	0.01976568103929226	0.09787200127520523	1.5046624691161234	2.4744560452697857	0.025265003586514706	0.26253287638479317	0.042958476129752135	0.04224117318881007	4.286283573762653	3.2663584920698177	5.68884992428469	0.09149597513349805	0.17510161791663345	0.13820036662150315	0.11014585159799155	1.006774527775564	0.028771817964453654	0.10974734996413485	0.22539252410934885	1.0	0.3427911054435323	0.03060492548019447	0.2221248107117239	1.683111500757153	0.15406073164899975	0.024308599665258626	0.9391886506734678	0.2152705826093887	0.4612257910257432	0.5451502351159639	0.025504104566828723	0.09731409898780585	0.043356977763608834	0.44066310671873754	0.12010839244440902	0.6041284769267554	0.004383517972423687	0.013230254244042401	0.45245875508089584	1.9409420578624372	0.4307005658723201	0.08033792938551049	0.0645572646847852	0.0459073882202917	0.16378417151510322	94.05682633298797	0.661751813182434	0.0338726388778194	0.022236391169203795	0.07316489997608991
S4A14	251118_061	0.02470044849052815	0.02088493205703193	0.0036816386638998592	0.3809491933864382	7.511480018742888	0.111654059843363	0.018341254434701117	0.14371778566169088	44.84744628154495	0.062052346207912175	0.11386304304170293	0.3657540665372515	0.09217484436709285	0.21058973157507196	0.0752393065131535	0.017002476738737532	0.06419439052145391	0.717317089497289	0.4023026976370574	0.07791686190508067	0.2921212932592543	0.05080661356181806	0.05114130798580896	1.5917397416159047	4.273043711091773	7.851663431287235	0.224044447419506	0.24332284624138162	0.026775553919271704	0.6080058906218623	2.826226655063927	0.15804270700850123	0.08641810027444943	2.8374054488252227	1.0	0.30437110917732113	0.05723274650244327	0.15228596291585783	10.637726755472254	0.06901399022692283	0.04377803065800924	0.5344400562286632	0.37586183814177654	0.2411808019278399	0.6359863444675011	0.10482629359394872	0.13996920811299285	0.18742887743490194	0.33944708481156705	0.19472521587790348	0.6795635584711158	0.023227793024968205	0.015195126849186693	0.35578017270232276	2.2665506392663497	0.442867661824754	0.06539929044782114	0.05401968003213067	0.04304170292522926	0.24225182408461074	86.6909431688868	0.6698574201753799	0.09793158845973626	0.027712698306446213	0.13662226387308388
S4A15	251118_062		0.008183453237410073	0.006744604316546762	1.4008093525179857	1.3788669064748202	0.17868705035971222	0.014028776978417265	0.2664568345323741	60.55161870503597	0.16942446043165468	0.23264388489208634	0.5712230215827339	0.1656474820143885	0.17275179856115108	0.17293165467625898	0.03597122302158273	0.09595323741007195	1.4316546762589928	2.514478417266187	0.06510791366906475	0.2329136690647482	0.04802158273381295	0.07185251798561151	2.941276978417266	4.361780575539568	10.068435251798562	0.07428057553956835	0.2756294964028777	0.027338129496402876	0.3793165467625899	2.35386690647482	0.14595323741007193	0.1474820143884892	1.3004496402877699	1.0	0.32715827338129494	0.04919064748201439	0.09991007194244604	6.666187050359712	0.11987410071942446	0.0987410071942446	0.27571942446043163	0.6225719424460432	0.25746402877697844	1.720773381294964	0.11402877697841726	0.24055755395683454	0.28597122302158273	0.5878597122302158	0.1660071942446043	0.8982913669064748	0.03821942446043165	0.10701438848920863	0.5870503597122302	4.148561151079137	0.7198741007194245	0.19037769784172662	0.15638489208633094	0.08336330935251798	0.44451438848920866	111.18992805755396	1.035071942446043	0.03264388489208633	0.022302158273381296	0.31564748201438847
S4A36	251118_063	0.020190023752969122	0.03555027711797308	0.004671417260490895	0.3802058590657165	12.229374505146478	0.0889944576405384	0.019160728424386382	0.03721298495645289	46.58804433887569	0.043705463182897863	0.05819477434679335	0.4679334916864608	0.07490102929532859	0.2868566904196358	0.15304829770387965	0.028345209817893905	0.07450514647664291	1.7231987331749803	1.19944576405384	0.05296912114014252	0.3292161520190024	0.03079968329374505	0.05328582739509105	3.287727632620744	5.629453681710213	5.787885985748218	0.12058590657165479	0.2528107680126683	0.1861441013460016	0.41931908155186065	1.191686460807601	0.0821852731591449	0.11456848772763262	1.2695961995249405	1.0	0.4116389548693587	0.07015043547110056	0.26927949326999207	1.0026920031670625	0.15961995249406175	0.05257323832145685	1.2517022961203483	0.41227236737925577	0.47038796516231196	1.0026128266033254	0.041884402216943784	0.18155186064924783	0.07735550277117974	0.8629453681710214	0.14489311163895488	1.0015835312747428	0.04228028503562945	0.04204275534441805	0.37664291369754554	2.2475851148060175	0.56270783847981	0.1058590657165479	0.10728424386381631	0.04996041171813143	0.3360253365003959	97.18883610451306	0.5140142517814726	0.06730007917656373	0.017814726840855107	0.31155977830562154
S2B21	251118_064		0.025069423017587165	0.010336315951866707	2.041268127121259	1.7008639308855291	0.21420857759950632	0.020672631903733415	0.244137611848195	64.14278000617094	0.15720456649182352	0.24143782783091638	2.870564640543042	0.06217216908361617	0.07729095958037643	0.08901573588398642	0.011416229558778156	0.042425177414378276	2.6812712125887073	2.3935513730330147	0.1126966985498303	0.337858685590867	0.06572045664918236	0.12218451095340944	2.7583307621104596	4.322817031780315	15.250154273372416	0.09341252699784017	0.24637457574822585	0.05916383832150571	1.2889540265350201	4.684896636840481	0.051218759642085776	0.23117864856525763	9.301990126504165	1.0	0.5993520518358532	0.36709348966368405	0.26712434433816723	4.770904041962357	0.27059549521752546	0.0877044122184511	0.7665843875347115	1.0484418389385992	0.601666152422092	2.3506633755013886	0.2679728478864548	0.39424560320888613	0.7906510336315952	0.8471150879358222	0.21204875038568344	0.8865319345880901	0.07582536254242518	0.06232644245603209	0.44369021906818884	4.354057389694539	0.740280777537797		0.2847115087935822	0.1292810860845418	0.5791422400493674	111.44230175871644	0.6325979635914841	0.08384757790805307	0.022909595803764272	0.14339709966059858
S2B18	251118_065			0.0049496782709123905	2.2627454215475993	13.687675301105427	0.32090414123082	0.03159544629599076	0.2834515756475829	69.64832535885168	0.22224055436396634	0.4406863553868999	3.348374855634384	0.18379805312654676	0.22042567233129848	0.11813232139910906	0.02219105758125722	0.07647252928559643	3.9698069625474344	4.630424022438541	0.11334763240389374	0.6334763240389375	0.10361326513776604	0.165649232799868	4.030605510641808	3.031182973106748	17.42938459000165	0.12943408678435903	0.30325028873123244	0.08719683220590661	1.7777594456360337	4.051724137931035	0.4847384919980201	0.2831215970961887	5.980448770829896	1.0	0.672991255568388	0.13405378650387725	0.32502887312324696	4.0210361326513775	0.259775614585052	0.06467579607325524	1.4802012869163503	0.7657977231479954	0.64576802507837	1.5240884342517735	0.15599736017158886	0.335423197492163	0.7374195677280977	0.7171258868173569	0.21390859594126382	0.9341692789968652	0.05890117142385745	0.050651707639003465	0.4764065335753176	5.2306550074245175	0.5742451740636859		0.12869163504372216	0.10072595281306715	0.4038937469064511	114.04545454545455	0.629599076060056	0.09594126381785184	0.026150800197987132	0.060963537370070944
S4A37	251118_066	0.02590912585530868	0.03398170216037518	0.005074190820327516	0.9371107864995771	13.394556777120012	0.17898054893518875	0.028369339586376566	0.08203275159529484	77.53578842161913	0.04974244637502883	0.0772660874913508	1.5854539863150612	0.16452679326516492	0.3864073191358499	0.1612977627431383	0.023372030445144923	0.08518490043822557	2.6055201045590834	2.0977934958099484	0.11578380871838241	0.6157453678788345	0.08964403782578612	0.19466441147074653	5.7761974321519185	10.196202045052663	10.954409164296148	0.12085799953870993	0.26055201045590837	0.10947951103252095	1.3030675789959252	1.658414699777043	0.3342815407088491	0.1780579687860383	4.957715076497271	1.0	0.6179749365726147	0.29845467825017297	0.4476051356961636	1.7507495963711848	0.19105097255324055	0.10817252248789114	2.878065656953948	0.6082109633274391	0.5301760590451295	1.443222879987699	0.09364188513877143	0.21426923964019373	0.14876604905051127	1.3889444145460137	0.22372568616898594	0.735065733835627	0.03175213346659491	0.06996232797724303	0.4710540478204044	3.890597370646575	0.5081110171446145	0.12754670562005074	0.10325209502575536	0.04958868301683709	0.5596986238179442	136.49873145229492	0.7486737910355962	0.09810102252633197	0.022449450295994464	0.14669024371492273
S2B24	251118_067	0.025894897182025894	0.03757298806803757	0.0088008800880088	2.053820766692054	9.302276381484303	0.06346788525006347	0.026487264111026487	0.06685283913006686	85.4993653211475	0.04586612507404587	0.061944656004061946	1.1063721756791063	0.17381738173817382	0.545993060844546	0.11703478040111703	0.018532622493018534	0.09943302022509944	1.904121181348904	4.605483625285605	0.011762714733011763	0.27663535584327664	0.057374968266057376	0.05864432597105865	6.373106541423373	4.3996784293813995	9.07032241685707	0.3137852246763138	0.24938647710924938	0.2157908098502158	0.15376152999915377	0.9941609545569942	0.02471016332402471	0.1254125412541254	0.21274435135821274	1.0	0.4248963357874249	0.05212828975205213	0.29508335448929507	2.4555301684014554	0.1639163916391639	0.030041465685030043	1.4213421342134214	0.45265295760345264	0.4768553778454769	0.9189303545739189	0.04662773969704663	0.1783024456291783	0.06575272911906575	0.6138613861386139	0.1392062283151392	1.8043496657358042	0.014301430143014302	0.019124989422019126	0.4160954556994161	2.1298129812981297	1.1315054582381314	0.10214098332910214	0.08098502157908098	0.04028095117204028	0.2692730811542693	151.55123973935855	0.542946602352543	0.12972835745112973	0.017855631717017855	0.2523483117542524
S2B6	251118_068		0.03546298902336054	0.007411577071019796	4.556712637207993	8.709635050192325	0.1805047377802796	0.04653344591425087	0.47086968758795383	102.22844544516371	0.17412515245332583	0.28820714888826343	1.2454264002251618	0.17994183319260718	0.15104606435875786	0.11914813772398912	0.02898958626512806	0.20367764330612628	2.9471807861900743	13.661412890515058	0.011914813772398912	0.23951590205460174	0.05422647527910686	0.057603902805141195	8.682240360258936	2.202364199268224	11.969790787128249	0.1039497138568346	0.21915751946711698	0.2767614222722582	0.06398348813209494	1.1784407542921476	0.007599211933577259	0.11061075147762454	0.11502017074772493	1.0	0.4473215123369922	0.07374050098508303	0.0911905432029271	5.058448259686649	0.23885918003565063	0.03630734590486912	0.17412515245332583	2.7205178722206584	0.4013509710104137	4.907214560465334	0.07983863401820059	0.7164837226756732	0.30790880945679705	0.851768458579604	0.15245332582793883	1.0546955624355006	0.019138755980861243	0.022985270663289238	0.4492916783938456	2.32986208837602	0.7406886199455859	0.1080776808330988	0.1660568533633549	0.1110798386340182	0.2804203020921287	130.55436720142603	0.773149451168027	0.03762078994277137	0.04268693123182287	0.2301341589267286
S4A22	251118_069		0.05598437645308286	0.007067795033944016	0.3482749000278992	13.708081465637497	0.14349483864967916	0.01636752534176509	0.07858272110108806	22.60448247000837	0.051799497814563375	0.07300288291639542	0.44675904398772437	0.14451780898353947	0.22747140332930346	0.11206175020924393	0.02529526643727332	0.09606621407979168	1.1185715614247187	1.2129638240491025	0.019808425555658885	0.20394308565051614	0.05226448432995443	0.044173718962150096	2.4181158746396356	5.835022784339254	8.220961592113829	0.11159676369385288	0.29415046963638053	0.04342974053752441	0.26318236771133635	1.2919185343625035	0.05812331442388171	0.08890542174276946	0.3004742862456989	1.0	0.32976843671533523	0.015995536129452245	0.1826467032456059	3.9014228587370967	0.1282432809448526	0.04947456523760811	0.7009206733004743	0.2808518552961964	0.3295824421091788	0.660187854552218	0.05598437645308286	0.12191946433553427	0.13754301125267368	0.6437273319073746	0.17130103227006416	0.6468892402120339	0.020552403980284573	0.09243931925974147	0.48042406770203666	3.377290058588301	0.5037663907746676	0.119594531758579	0.10499395517529991	0.0493815679345299	0.24941876685576117	106.45763972844787	0.9770296661396819	0.12275644006323816	0.018878452524876778	0.1049009578722217
S2B29	251118_070	0.03053379219447902	0.03478069854287179	0.005418466720363183	1.9490371238192867	11.339459617778429	0.2719484513436333	0.02789778135754558	0.62693124405067	53.09943618657099	0.3183715310829611	0.5112396573185912	3.2182763418027385	0.16504356740133266	0.17961484952771473	0.06868272680676576	0.026286885846086256	0.1068316614190525	6.406385004027239	4.187522882038515	0.04781430768104269	0.46481657757926337	0.15662297722779528	0.11876693270850114	5.634107051328988	6.472065607380831	12.345097752068536	0.20128871640916746	0.21205242732664567	0.09745917844328915	0.6074540528666618	2.3483927656147032	0.013033609138170902	0.2133704327451124	1.9371018525298382	1.0	0.3842718020062971	0.17419638280735153	0.08706158014205169	18.56754777769642	0.2791242586219521	0.028996119206267847	0.25942739986819946	0.3322105879768617	0.46408435234678186	4.496668375192209	0.3411437358131361	0.6949549681482023	0.6457494325254448	0.7461375118986601	0.14556637621732446	0.6012301383905689	0.0358058138683459	0.08596324229332943	0.368236069414952	2.3773156622977227	0.4149520392472725	0.08567035220033682	0.2675550999487442	0.19887237314197848	0.4342095628615362	126.36552683605477	0.559127187522882	0.04019916526323497	0.018598520905030388	2.4429230431280664
S2B37	251118_071		0.029919354838709677		0.24653225806451612	14.497016129032257	0.09330645161290323	0.03959677419354839	0.04879032258064516	72.97516129032257	0.04056451612903226	0.04564516129032258	0.3663709677419355	0.07879032258064517	0.2653225806451613	0.1125	0.022903225806451613	0.08233870967741935	3.3466129032258065	1.5521774193548388	0.08274193548387097	0.48258064516129034	0.06153225806451613	0.05112903225806452	3.4591935483870966	3.980241935483871	6.967741935483871	0.13298387096774195	0.22951612903225807	0.1553225806451613	0.6986290322580645	0.9595967741935484	0.16653225806451613	0.28516129032258064	1.3921774193548386	1.0	0.5225806451612903	0.03983870967741936	0.38233870967741934	0.7404032258064516	0.24266129032258066	0.026693548387096776	1.8651612903225807	0.2517741935483871	0.7775	0.49306451612903224	0.09951612903225807	0.08580645161290322	0.1192741935483871	1.0993548387096774	0.1707258064516129	0.8603225806451613	0.032983870967741934	0.052258064516129035	0.4129032258064516	4.119677419354839	0.5292741935483871	0.10919354838709677	0.23629032258064517	0.09169354838709677	0.2558870967741935	112.93629032258065	0.5187903225806452	0.07266129032258065	0.017580645161290324	0.11032258064516129
S4A34	251118_072		0.004352903705276569	0.005839261068053933	0.2902643592738083	0.6130162437626075	0.09502070283469582	0.017942456736383904	0.08387302261386559	77.14088544431468	0.059348126128039067	0.05881728421276144	0.25894468627242806	0.10967193969635843	0.24493045970909863	0.14269030682662703	0.029514810489436247	0.06752309162331457	1.2875039813143645	0.8566726828750398	0.04798810914109778	0.2178575220299395	0.048943624588597516	0.03758360760165623	1.1728421276143963	6.6175814842339955	5.496761864316807	0.07017730119970272	0.21318611317549635	0.02505573840110415	0.41044696889266374	0.9579573203100117	0.08206816010192165	0.11901475740524471	0.7968998832147787	1.0	0.4692642531054252	0.022401528824716	0.16434865696995435	1.3204161800615777	0.18558233358105955	0.06040980995859433	0.6295785115192696	0.27720564815797855	0.4532328272640408	0.5513324132073468	0.08100647627136638	0.09809958594330609	0.1540503238135683	1.0514916657819302	0.13632020384329546	0.926531478925576	0.03131967300138019	0.05595073787026224	0.4396432742329334	1.5596135470856778	0.7023038539123049	0.16679052978023146	0.08928761014969742	0.04352903705276569	0.2515128994585413	86.87058074105532	0.8931946066461408	0.059241957744983545	0.031001167852213612	0.17135577025161908
S2B22	251118_073	0.04244085693979084	0.055234033912072295		0.1271195045182252	0.43476495075642196	0.056553964869529905	0.014214641080312722	0.04467458625241141	37.66758046502183	0.03584120215250279	0.024977155041120927	0.11046806782414459	0.06427048431312823	0.08650624428876028	0.06274748705452331	0.031678342978982636	0.05970149253731343	0.28185602599248655	0.31982942430703626	0.010864047111381865	0.10874200426439233	0.032084475581277284	0.010660980810234541	0.7125596507259621	1.7347954107015942	1.7247436287948015	0.03482587064676617	0.10782820590922937	0.017057569296375266	0.043963854198395776	0.24581175753883644	0.017666768199817242	0.04893897857650523	0.0751345314245101	1.0	0.19900497512437812	0.00659965478728805	0.048228246522489596	0.614580160422378	0.05645243171895624	0.016651436694080618	0.1300639658848614	0.05025890953396284	0.1376789521778861	0.14021728094222763	0.019291298608995838	0.035333536399634484	0.05472636815920398	0.23738450604122247	0.07442379937049447	0.9562392121027515	0.016549903543506956	0.007411919991877348	0.39303482587064675	0.7395674687785562	0.5962026601685451	0.10539141029546147	0.0457914509087217	0.050665042136257485	0.03980099502487562	25.864859376586455	0.2774901005178191	0.025789420245710223	0.015839171489491318	0.034622804345618846
S2B32	251118_074	0.037467248908296946	0.013100436681222707		3.2735371179039303	1.3821834061135372	0.19956331877729258	0.03528384279475982	0.48078602620087335	65.7768558951965	0.2331877729257642	0.28602620087336245	2.409606986899563	0.18340611353711792	0.3170305676855895	0.05187772925764192	0.02541484716157205	0.08620087336244542	7.733886462882096	5.758078602620087	0.09170305676855896	0.5958078602620087	0.15458515283842794	0.15004366812227074	7.975021834061136	1.744541484716157	10.787598253275108	0.12026200873362446	0.268646288209607	0.2412227074235808	0.8354585152838427	2.531703056768559	0.036244541484716154	0.2606986899563319	3.402707423580786	1.0	0.4339737991266375	0.1337117903930131	0.10445414847161572	32.5153711790393	0.31624454148471615	0.03441048034934498	0.37519650655021836	1.1449781659388647	0.8337991266375546	4.781397379912664	0.3582532751091703	0.7438427947598253	0.7868122270742358	0.8077729257641921	0.24165938864628822	0.8010480349344978	0.029519650655021833	0.10951965065502184	0.488471615720524	2.956244541484716	0.625764192139738	0.11126637554585153	0.2125764192139738	0.0993886462882096	0.5501310043668123	152.71842794759826	0.6179039301310044	0.061048034934497813	0.030829694323144106	5.469781659388646
S2B34	251118_075	0.03426051560379918	0.031631614654002715		0.23286974219810042	10.351594301221168	0.1064280868385346	0.030359565807327002	0.08751696065128901	86.8842435549525	0.08590569877883311	0.06292401628222524	1.0208616010854816	0.08980664857530529	0.2756953867028494	0.07793419267299864	0.024168928086838536	0.06648575305291723	1.5650440976933515	0.8830563093622795	0.053256445047489824	0.2989314789687924	0.0692842605156038	0.054867706919945726	0.7215909090909091	3.667825644504749	7.354392808683853	0.12924016282225237	0.16087177747625508	0.045793758480325644	0.9800712347354138	0.8701662143826323	0.1417910447761194	0.2826492537313433	1.407140434192673	1.0	0.4637890094979647	0.012296472184531886	0.20318860244233378	0.803680461329715	0.33217435549525104	0.02832428765264586	1.0531716417910448	0.27637381275440975	0.7342265943012212	0.6344131614654003	0.14569199457259158	0.10973541383989145	0.21463704206241518	0.7348202170963365	0.16528154681139756	0.8793249660786974	0.06453527815468114	0.07742537313432836	0.47549185888738127	4.221421302578019	0.5145861601085482	0.09930461329715061	0.3270861601085482	0.1760515603799186	0.2950305291723202	76.19335142469471	0.6674864314789688	0.08115671641791045	0.025525780189959293	0.08497286295793759
S2B4	251118_076		0.03488991477272727	0.009765625	3.105735085227273	10.830788352272727	0.1845703125	0.027432528409090908	0.32270951704545453	96.388671875	0.1328125	0.1319247159090909	1.2674005681818181	0.15873579545454544	0.17320667613636365	0.09224076704545454	0.0400390625	0.12340198863636363	2.0720880681818183	10.712091619318182	0.01473721590909091	0.2547052556818182	0.049360795454545456	0.03941761363636364	8.228426846590908	1.5291193181818181	6.455610795454546	0.12526633522727273	0.18394886363636365	0.23908025568181818	0.06880326704545454	0.5760830965909091	0.012251420454545454	0.10884232954545454	0.048828125	1.0	0.34703480113636365	0.03639914772727273	0.10236150568181818	1.8875177556818181	0.22203480113636365	0.03604403409090909	0.19584517045454544	1.5701349431818181	0.5957919034090909	2.572176846590909	0.12544389204545456	0.36869673295454547	0.3201349431818182	0.8726029829545454	0.14089133522727273	0.9182350852272727	0.020774147727272728	0.01455965909090909	0.3202237215909091	1.8032670454545454	0.5200639204545454	0.11843039772727272	0.11700994318181818	0.056818181818181816	0.23615056818181818	153.671875	0.6443536931818182	0.05202414772727273	0.03160511363636364	0.057794744318181816
S2B39	251118_077		0.057191273035373864	0.007095954246981571	0.17718703664477864	0.8344630374920567	0.1450963778860411	0.07170091082397798	0.25248887947468757	107.28754501165007	0.1495445880110146	0.12645625926710444	0.9324295700063546	0.09118830756195721	0.25831391654310526	0.07297182800254183	0.01779284049989409	0.04013980088964202	2.4925863164583775	0.8562804490574031	0.06841770811268799	0.33827578902774835	0.07932641389536116	0.04882440160982843	0.6263503495022241	2.025947892395679	9.827790722304597	0.16458377462402032	0.18216479559415377	0.028595636517686932	0.42353314975640755	3.055602626562169	0.1099343359457742	0.14710866341876722	1.1550518957847913	1.0	0.4521287862740945	0.030078373226011437	0.19296759161194663	1.3814869730989197	0.1879898326625715	0.02817199745816564	0.5293370048718492	0.18163524676975218	0.7573607286591824	0.3740732895572972	0.13492904045753018	0.08779919508578692	0.2865918237661512	0.5069900444821013	0.11173480194873968	1.1014615547553483	0.033149756407540774	0.033149756407540774	0.5549671679728871	3.4240626985808094	0.6848125397161618	0.15558144460919296	0.16024147426392713	0.044905740309256516	0.1327049353950434	85.73067146790935	0.38116924380427875	0.043846642660453294	0.009955517898750264	0.10305020122855327
S2B9	251118_078	0.038167104111986004	0.06692913385826772		0.14063867016622922	0.48676727909011375	0.05752405949256343	0.020341207349081365	0.13910761154855644	80.54374453193351	0.05041557305336833	0.06900699912510937	0.09547244094488189	0.11745406824146981	0.12007874015748031	0.08552055993000875	0.029090113735783026	0.08388013998250218	0.8311461067366579	1.0207786526684164	0.01716972878390201	0.22506561679790027	0.050306211723534555	0.023512685914260718	1.1724628171478566	4.978346456692913	6.031933508311461	0.10640857392825896	0.1800087489063867	0.052930883639545054	0.07742782152230972	0.389326334208224	0.01716972878390201	0.10990813648293964	0.07283464566929133	1.0	0.4057305336832896	0.00842082239720035	0.12828083989501313	1.6808836395450568	0.15583989501312337	0.02810586176727909	0.32884951881014873	0.1309055118110236	0.5354330708661418	0.30063429571303585	0.07644356955380577	0.07294400699912511	0.15354330708661418	0.6738845144356955	0.15201224846894137	0.8841863517060368	0.0142169728783902	0.016622922134733157	0.42563429571303585	1.756124234470691	0.5956911636045494	0.11821959755030621	0.12893700787401574	0.08070866141732283	0.12215660542432195	79.98895450568679	0.4251968503937008	0.06277340332458442	0.020231846019247594	0.05107174103237096
S4A2	251118_079	0.042186694172253736	0.029912325941206807	0.009386281588447653	0.5328519855595668	1.4044352759154204	0.11748323878287777	0.013512119649303765	0.07292418772563176	31.91170706549768	0.06766374419804022	0.09076843733883445	0.8070139247034553	0.12686952037132543	0.19515214027849406	0.07694687983496648	0.020319752449716347	0.04899432697266632	1.3048994326972667	1.814337287261475	0.0408457968024755	0.2029912325941207	0.0407426508509541	0.04198040226921093	1.9517276946879836	1.8316658071170706	4.561217122227952	0.07715317173800929	0.2736462093862816	0.033522434244455904	0.4064981949458484	0.6386797318205261	0.10840639504899433	0.09912325941206808	0.730067044868489	1.0	0.28623001547189275	0.034141309953584324	0.19061371841155234	1.0680763280041259	0.09788550799381124	0.07911294481691594	0.4967509025270758	0.40165033522434246	0.24115523465703972	0.5680247550283651	0.07199587416193914	0.10531201650335224	0.1446106240330067	0.650438370293966	0.13295513151108818	1.003094378545642	0.0368231046931408	0.08736462093862817	0.46807632800412585	3.5943269726663227	0.6877772047447138	0.05415162454873646	0.14533264569365653	0.060856111397627644	0.30273336771531717	140.37617328519855	0.5880350696235173	0.03537906137184116	0.026714801444043323	0.09736977823620423
S2B17	251118_080		0.039207048458149776	0.008370044052863436	1.4044052863436123	0.6317180616740088	0.17753303964757708	0.040440528634361234	0.11171806167400881	73.48555066079295	0.11030837004405286	0.21991189427312777	1.2565638766519824	0.08229074889867842	0.16881057268722466	0.06581497797356828	0.02352422907488987	0.06290748898678414	2.125374449339207	3.3626431718061673	0.09145374449339207	0.46651982378854623	0.07859030837004405	0.0892511013215859	3.066784140969163	6.662466960352423	12.537709251101322	0.06837004405286344	0.28881057268722465	0.04370044052863436	1.3229074889867842	2.308281938325991	0.23533039647577092	0.18405286343612334	2.835330396475771	1.0	0.5309251101321586	0.06387665198237885	0.28519823788546256	5.059030837004405	0.25383259911894274	0.031101321585903084	1.4569162995594713	0.3626431718061674	0.5594713656387665	1.817533039647577	0.11189427312775331	0.40220264317180615	0.3246696035242291	0.6579735682819383	0.19418502202643173	0.7712775330396475	0.02052863436123348	0.04519823788546255	0.3795594713656388	3.3391189427312775	0.45233480176211455		0.07929515418502203	0.0586784140969163	0.27629955947136564	115.1187665198238	0.4347136563876652	0.1213215859030837	0.007577092511013216	0.10185022026431718
S4A32	251118_081		0.040927397409382824	0.013606182649395886	3.3525634048111463	1.7105692826820507	0.15032110591052575	0.014803526722542723	0.35963861978883205	73.2523130510504	0.1822139980407097	0.3240448459780124	0.46729073691085227	0.3938173506041145	0.4919995646021552	0.08533797757701099	0.026232720148035266	0.1038423859801894	3.4605420703167518	5.873734625013606	0.05899640796778056	0.3560465875693915	0.1207140524654403	0.12256449330575814	10.95471862414281	2.18896266463481	11.358876673560466	0.18537063241536955	0.24208120169805158	0.1669750734733863	0.5423968651355175	1.9780124088385762	0.1643626864047023	0.12332643953412431	1.2603679111788397	1.0	0.3904430173070643	0.07282028953956678	0.16686622401219114	56.41330140415805	0.20942636333950146	0.10656362251006858	0.29868292151953846	3.8248612169369762	0.471644715358659	21.829650593229562	0.13432023511483618	1.8418417328834222	0.6479808424948297	1.5154021987591162	0.22237944922172637	1.0346141286600632	0.037661913573527814	0.17840426689887884	0.5110482203113095	3.2224882986829213	0.8412974855774464	0.22085555676499402	0.16936976161967998	0.07891585936649613	0.8074453031457495	191.1823228475019	2.4041580494176555	0.0674866659410036	0.023946881462936758	5.326330684663111
