Sample	Rawname	Mass (g)	Condition	[6287] L-valine 2 [9.151] Results	[700] ethanolamine [9.879] Results	[1004] phosphoric acid [9.966] Results	[791] DL-isoleucine 2 [10.225] Results	[145742] L-proline 2 [10.321] Results	[750] glycine [10.456] Results	[5951] L-serine 2 [11.174] Results	[6288] L-threonine 2 [11.464] Results	[649] 5,6-dihydrouracil 2 [12.773] Results	[33032] L-glutamic acid 3 (dehydrated) [13.232] Results	[119] gamma-aminobutyric acid (GABA) [13.326] Results	[236] L-asparagine 1 [14.496] Results	[33032] L-glutamic acid 2 [14.398] Results	[236] L-asparagine 2 [14.984] Results	[827] ribitol [15.66] Results	[444212] trans-aconitic acid [15.842] Results	[738] L-glutamine 3 [16.092] Results	[328] DL-4-hydroxymandelic acid [16.126] Results	[8742] shikimic acid [16.433] Results	[6508] quinic acid [17.076] Results	[5984] fructose 1 [17.18] Results	[204] allantoin 1 [17.293] Results	[5984] fructose 2 [17.288] Results	[24749] D-glucose 1 [17.426] Results	[24749] D-glucose 2 [17.625] Results	[6057] tyrosine 2 [17.871] Results	[6251] D-mannitol [17.81] Results	[985] palmitic acid [18.846] Results	[899] N-acetyl-D-mannosamine 2 [19.339] Results	[892] myo-inositol [19.354] Results	[5281] stearic acid [20.675] Results	[6305] L-tryptophan 2 [20.466] Results	[5988] Sucrose [23.988] Results	[11333] lactulose 3 [24.431] Results	[7427] D-(+) trehalose [24.752] Results	[439451] galactinol 2 [26.479] Results
BLK	240722_SP_001			0.0963855421686747	0.14457831325301204	0.1746987951807229	0.12048192771084337	0.15963855421686746	0.24849397590361447	0.19427710843373494	0.1822289156626506	0.1566265060240964	0.19126506024096385	0.10391566265060241	0.14457831325301204	0.1716867469879518	0.17319277108433734	1.0	0.15963855421686746	0.17771084337349397	0.16415662650602408	0.22289156626506024	0.10692771084337349	0.4427710843373494	0.2816265060240964	0.7530120481927711	0.5662650602409639	0.2996987951807229	0.3313253012048193	0.16566265060240964	0.3207831325301205	0.10090361445783133	0.11295180722891567	0.35993975903614456	0.09939759036144578	2.661144578313253	0.26506024096385544	0.375	0.1822289156626506
A2R	240722_SP_005	0.0307	1753	13.46187183033656	2.8741355463347165	12.96698939603504	4.213185799907792	15.190963577685569	3.2792992162286767	6.486491470723836	1.7517750115260489	0.3066851083448594	21.650622406639005	2.7860765329644996	3.399538958045182	1.3935454126325495	12.264822498847396	1.0	2.712955278930383	0.4892577224527432	1.0398340248962656	0.8387275242047026	1.5646841862609497	62.51009681881051	0.8215767634854771	49.77630244352236	55.08215767634855	9.048409405255878	0.096726602120793	9.080774550484094	0.14863992623328723	0.8411249423697557	3.5005071461502997	0.022222222222222223	0.10972798524665744	63.539603503918855	50.62747810050715	19.18017519594283	0.8235131396957123
D2R	240722_SP_006	0.0319	No Ino.	4.11363186704478	1.044186506627976	1.8419837762975664	1.177273626591044	9.979159796873969	1.3652971047945657	1.89217173382576	0.7239992085998813	0.06463100969465145	8.45083426762514	2.5054408758161313	0.9462507419376113	0.47444437116665567	3.0342280551342085	1.0	1.0054738508210777	0.09397876409681462	0.8465343269801491	0.5965837894875684	1.6945195541779332	54.54685748202862	0.4135725120358768	49.777550616632595	53.52727032909055	15.583525687528853	0.07887621183143177	15.595792389368858	0.05546395831959375	0.1517509727626459	1.9697948954692344	0.01595990239398536	0.06370770955615643	45.523445228516785	34.05744245861637	12.690958253643737	0.47820352173052827
A4R	240722_SP_007	0.0299	1753	2.7118055555555554	1.1735443376068375	1.0436030982905984	0.5415998931623932	3.4536591880341883	0.9559962606837606	1.263621794871795	0.38848824786324787	0.08106303418803419	5.756877670940171	1.9033119658119657	1.0703125	0.24245459401709402	1.2712339743589745	1.0	0.6341479700854701	0.044738247863247864	0.6624599358974359	0.47763087606837606	1.2144764957264957	42.39496527777778	0.20719818376068377	31.32465277777778	42.243589743589745	7.78772702991453	0.49485844017094016	1.516159188034188	0.0343215811965812	0.10610309829059829	1.7815838675213675	0.010817307692307692	0.027644230769230768	45.99459134615385	24.346888354700855	9.838541666666666	0.5182291666666666
D1R	240722_SP_008	0.0291	No Ino.	6.652487382840663	1.439581831290555	1.6123287671232878	2.386589762076424	8.010598413842827	1.59718817591925	1.9265320836337418	0.7852919971160779	0.06856524873828407	14.940879596250902	2.6963229992790194	1.0737563085796684	0.2579668348954578	1.632083633741889	1.0	0.7703677000720981	0.08550829127613555	0.7902667627974045	0.5891852919971161	1.3866618601297764	47.10785868781543	0.3526315789473684	36.21586157173756	40.287815428983414	6.675558759913482	0.40223503965392937	6.67916366258111	0.08038932948810382	0.6519826964671954	2.9550829127613554	0.009516943042537852	0.15645277577505406	49.688103821196826	31.576496034607064	0.9714491708723865	0.27591925018024516
C4R	240722_SP_009	0.031	1607	2.1741639945029774	1.2486486486486486	0.8342647732478241	0.4808978469995419	2.0481905634448005	0.8990380210719193	0.4201557489693083	0.2462666055886395	0.06669720568025653	4.862024736601008	1.469903802107192	0.5945945945945946	0.16811726981218506	0.6788822721026111	1.0	0.4817224003664682		0.2879523591387998	0.34200641319285385	0.97141548327989	39.08153916628493	0.15080164910673385	25.287036188731104	33.0545121392579	4.823820430600092	0.3158955565735227	4.830874942739349	0.03527256069628951	0.5116811726981219	2.0192395785616126	0.02015574896930829	0.016307833256985798	63.14961062757673	23.66184150251947	0.9734310581768209	0.4968392120934494
B3R	240722_SP_010	0.0311	1615	3.9353666105151164	1.1211100274847061	2.8056565298342053	0.7708130153382392	5.2692614593492335	1.5667169075272631	1.2362798120400744	0.45518219700328044	0.04663534001241245	11.772231580813902	2.2353045482755562	0.7380973490557674	0.285043000265981	1.034843514495966	1.0	1.0510683571238586	0.050447734728256054	0.542157992729852	0.5463250288146112	1.281673907261282	66.56751485060732	0.32272364571327244	59.425835623725504	65.22847770192394	14.636403936519194	0.7211632236900435	14.640216331235038	0.085291249224222	0.17421757247982977	1.512900079794308	0.020125897685965066	0.038389928185122796	61.048142565830304	27.010018618671868	10.568401454029612	0.4112953275999645
C2R	240722_SP_011	0.0322	1607	3.3538503253796095	1.0945408532176428	0.4968365871294288	1.0801699204627622	4.501536514822849	0.5552241503976862	0.8405639913232104	0.3171547360809834	0.060014461315979754	3.4188358640636296	1.0515184381778742	0.5447396963123644	0.12626536514822848	0.2575921908893709	1.0	0.27485538684020244		0.33206796818510487	0.4198300795372379	0.8982284887924801	21.75840563991323	0.07926608821402747	14.651482284887924	17.363882863340564	2.8092010122921187	0.22134851771511208	2.8073933477946493	0.030187997107736803	0.5105748373101953	2.3900939985538683	0.028651482284887925	0.01970354302241504	61.64253434562545	13.972704266088215	1.077187274041938	0.27431308749096167
D3R	240722_SP_012	0.0331	No Ino.	0.8765564442978477	0.4210439515131525		0.3388307083367692	0.44207141090129465	0.2529891976581182	0.027954151892471343	0.05021852065638657	0.012616475632885297	0.23336356889585222	0.2557928589098705	0.03479838377174899	0.0047827162529891975	0.008905747505566093	1.0	0.06992661004370414	0.010967263131854539	0.10843572194277233	0.14958357384348972	0.4583161540364476	16.463098870289436	0.039910942524944336	10.878782881174239	14.38764739836728	2.35334377834584	0.1884225282427641	0.7522882823451802		0.2485363239053352	0.9288364805805228	0.022924053764327535	0.00470025562793766	47.45097715840686	6.363981198977489	1.4033973777521234	0.11560979632225613
C3R	240722_SP_013	0.0343	1607	3.4491202464931483	1.8270493797129652	12.11992216005838	0.7845617449120247	3.701370307305603	1.3763074677693992	1.5267980215681505	0.44182275196626936	0.1379226465580151	10.16889645666099	1.8661315170680288	1.7488040217303171	0.8056433957674531	4.645503932538717	1.0	0.5049055379875131	0.06486661801670315	1.0998945917457228	0.5353928484553636	1.5740695694478228	53.911943566042325	0.33957674531744103	40.60950295953945	48.155598799967564	8.00275683126571	0.09000243249817563	8.03227114246331	0.07865077434525257	0.840590286223952	3.9742966026108815	0.06397470201897348	0.09105651504094706	55.92345739074029	45.74815535555015	0.9987837509121869	0.8042649801345982
B2R	240722_SP_014	0.0333	1615	3.4412347309343017	1.2715417629580719	0.5813799933971607	1.060663585341697	2.691564872895345	0.6091944536150544	0.4102013865962364	0.2996863651370089	0.05727963024100363	1.7466160448993067	1.2887916804225816	0.4892703862660944	0.11092769891053153	0.2437273027401783	1.0	0.17010564542753384	0.01460878177616375	0.4870419280290525	0.3805711455926048	0.76625949158138	28.10688345988775	0.08567183889072301	18.50008253549026	22.853747111257842	3.5494387586662266	0.28400462198745463	0.3985638824694619	0.02154176295807197	0.5127104655001651	1.702954770551337	0.01642456256190162	0.008583690987124463	56.5874050841862	21.56726642456256	1.2589963684384284	0.17538791680422583
B4R	240722_SP_015	0.0314	1615	6.3616246000710985	1.7688410949164592	1.0720760753643797	2.3836651261997868	6.6573053679345895	1.4496089584073943	1.4843583362957697	0.7148062566654817	0.06674369001066477	9.569943121222893	2.161571276217561	1.0329719161038038	0.37575542125844297	0.9623178101670814	1.0	0.6662815499466761	0.05350159971560611	0.6492179168147885	0.5035549235691432	1.1438855314610736	57.1595271951653	0.2764841805901173	41.22955918947743	50.76821898329186	8.778528261642375	0.4782260931389975	8.768574475648773	0.05670103092783505	0.686277995023107	3.0147529328119447	0.021418414504088164	0.10398151439744045	61.148329185922506	36.05981158905084	1.1976537504443654	0.41965872733736226
A3R	240722_SP_016	0.0309	1753	2.16079105760963	1.0834711290429262	0.6514319730140883	0.6213373900390238	1.6133342152258747	0.976122759441762	1.0343938091143594	0.28328593160923343	0.10959719558171836	5.981810966333752	1.103776704808519	1.4909716251074807	0.2410873735035386	0.856471988888154	1.0	0.49573384483100735	0.040148157946954165	0.39413982406243797	0.30319465573119914	0.7257093723129837	36.091805013559096	0.22508102387724055	25.30451749454329	31.697400621734243	4.575434883259475	0.0357827898670547	4.578345128646075	0.03307097030226867	0.07692307692307693	2.667901316224618	0.015874065745088962	0.0341953832925458	45.51260003968516	23.942787221377074	9.334744361399563	0.6205436867517693
A1R	240722_SP_017	0.0282	1753	2.4031849439015565	1.4963445530220774	0.9520810712993123	0.37343467245747375	1.57661961635903	1.072023163228375	1.280709373868983	0.28794788273615635	0.10843286283025697	8.259934853420196	1.1522258414766557	1.4248280854144046	0.31451321027868256	1.0358306188925082	1.0	0.3069851610568223	0.02395946435034383	0.4083966702859211	0.5148027506333696	1.3698878031125588	27.853926891060443	0.2413318856315599	20.44458921462179	25.664133188563156	4.320376402461093	0.2819399203764025	4.324502352515382	0.027795874049945712	0.1080709373868983	2.1180600796235973	0.018675352877307275	0.04096996018820123	49.88968512486428	32.49554831704669	0.6928700687658342	0.5368802026782483
B1R	240722_SP_018	0.0276	1615	4.365210982126405	1.1310116086235489	1.0317548062158344	1.396535839321909	5.686260057736011	1.1587126097905533	0.9254959769055955	0.5274860266568393	0.048768503163196364	5.951231496836804	2.1850009213193293	0.6228118665929612	0.15521159633929119	0.30194705484921075	1.0	0.5183956759412812	0.015846692463607887	0.8735949880228487	0.4351084085744119	1.056753270683619	45.48756218905473	0.1716110804004668	38.61507278422701	43.66826362017075	8.594005282230821	0.5671641791044776	8.593575333210492	0.06283397825686383	0.5499047970026412	2.3969657883422393	0.01271420674405749	0.012099993857871139	42.266752656470736	20.521221055217737	8.382224679073767	0.32203181622750443
C5R	240722_SP_019	0.0323	1607	6.1861680023745915	1.7802908875037102	1.8531314930246363	1.7693084001187296	9.432888097358267	1.2524191154645294	2.22962303354111	0.6094983674680914	0.08465420005936479	21.28536657761947	2.291243692490353	1.238646482635797	0.5870584743247255	2.6075986939744733	1.0	0.8499257940041556	0.22208370436331257	1.03686553873553	0.5574354407836153	1.4317601662214308	43.685604036806176	0.34692787177203915	37.766162065894925	40.765509053131495	7.543425348768181	0.10264173345206293	0.39430097951914517	0.08631641436628079	0.10222617987533393	4.297951914514693		0.12644701691896706	40.891896705253785	22.230691599881272	8.823686553873554	0.3657465123181953
D4R	240722_SP_020	0.0302	No Ino.	6.372758012349309	1.4717730079388416	1.7676418700382242	1.9041458394589827	13.603278447515436	2.2770508673919436	2.0990885033813584	0.7382387533078506	0.05182299323728315	11.883122610996766	2.472508085857101	1.0904145839458983	0.5195530726256983	2.3797412525727726	1.0	0.5337400764481035	0.06578947368421052	0.7305939429579535	0.7216995001470156	2.3464422228756248	56.635474860335194	0.3937077330197001	51.707586004116436	53.99926492208174	12.439944134078212	0.047780064686856805	12.442075860041165	0.0876212878565128	0.16032049397236106	4.6785504263451925	0.021170244045868862	0.09923551896501029	50.56167303734196	43.34026756836224	0.869376653925316	0.4842693325492502
C1R	240722_SP_021	0.0323	1607	4.506263670709883	0.9816398223636243	1.5160734407105454	1.0723139126400212	10.029959567839862	1.4093590508384701	1.6225889838934182	0.4959236428713462	0.0521641148008219	18.454629813746934	2.27500497116723	1.0548154039901902	0.4807450122622125	1.316033671372705	1.0	0.5183933187512428	0.08305163385696294	0.6465831510572015	0.7194936037648306	1.9103864253993503	54.57884271226884	0.3418837409690462	49.663352555179955	50.65871279909856	14.763306157619143	0.7257241333598462	14.763173593159674	0.05600848412540598	0.21932789819049514	2.3684629150924636	0.015311195068602108	0.0473917942599589	45.6589779280175	36.30874262610194	0.980910717836548	0.43216013786703783
